student ID	Q#	answer	judge1	judge2	final judge
1	1	钻石硬度大	2	2	2
2	1	钻石硬度比玻璃高	2	2	2
3	1	因为钻石很硬	1	1	1
4	1	因为钻石的硬度比玻璃高	2	2	2
5	1	因为钻石比玻璃硬。	2	2	2
6	1	硬度大	1	1	1
7	1	因为钻石硬度比玻璃大	2	2	2
8	1	钻石硬度足够大。	2	2	2
9	1	硬度大	1	1	1
10	1	因为钻石的硬度大于玻璃	2	2	2
11	1	硬度大	1	1	1
12	1	因为钻石是世界上最坚硬的物质。	2	2	2
13	1	钻石的硬度比较大	2	2	2
14	1	因为钻石很坚硬并且晶体结构稳定	1	1	1
15	1	因为钻石硬度高于玻璃	2	2	2
16	1	钻石的硬度比玻璃的硬度高	2	2	2
17	1	因为钻石的硬度高	1	1	1
18	1	钻石坚硬	1	1	1
19	1	因为钻石的硬度比玻璃大。	2	2	2
20	1	钻石硬度大于玻璃	2	2	2
21	1	因为钻石比玻璃更坚固，硬度高。	2	2	2
22	1	因为钻石硬。	1	1	1
23	1	钻石硬度更高	2	2	2
24	1	硬度大	1	1	1
25	1	钻石的硬度比玻璃大	2	2	2
26	1	因为钻石是最硬的物质。	2	2	2
27	1	钻石的硬度比玻璃高。	2	2	2
28	1	因为钻石硬度比玻璃大	2	2	2
29	1	因为钻石比玻璃硬度高	2	2	2
30	1	钻石的硬度和强度大	1	1	1
31	1	钻石的硬度较高	2	2	2
32	1	因为钻石硬度比玻璃硬度大	2	2	2
33	1	因为钻石比玻璃的硬度更大	2	2	2
34	1	因为钻石硬度大过玻璃	2	2	2
35	1	钻石硬度大	1	1	1
36	1	钻石硬度最大	2	2	2
37	1	钻石的硬度比玻璃大	2	2	2
38	1	钻石硬度高	1	1	1
39	1	钻石比玻璃硬	2	2	2
40	1	钻石硬度最大	2	2	2
41	1	钻石的硬度是最硬的	2	2	2
42	1	钻石硬度高	1	1	1
43	1	钻石硬度非常高	1	1	1
44	1	钻石的硬度大于玻璃	2	2	2
45	1	因为钻石的硬度大于玻璃。	2	2	2
46	1	钻石的硬度比玻璃大	2	2	2
47	1	钻石的硬度大。	2	2	2
48	1	因为钻石的硬度很大且可打磨的十分锋利。	2	2	2
49	1	钻石的硬度比玻璃高很多	2	2	2
50	1	钻石的硬度比玻璃高	2	2	2
51	1	钻石硬度很高。	1	1	1
52	1	因为钻石硬度大。	1	1	1
53	1	因为钻石的硬度比玻璃高。	2	2	2
54	1	因为钻石的硬度大。	2	2	2
55	1	钻石的硬度是最硬的	2	2	2
56	1	钻石的硬度高于玻璃	2	2	2
57	1	因为钻石的硬度比较大	2	2	2
58	1	钻石硬度比玻璃大	2	2	2
59	1	因为钻石的硬度比玻璃大	2	2	2
60	1	钻石是自然界硬度最大的材料，硬度比玻璃大	2	2	2
61	1	硬度大	1	1	1
62	1	*	0	0	0
63	1	因为钻石足够硬	2	2	2
64	1	因为钻石硬度大于玻璃。	2	2	2
65	1	钻石硬度比玻璃大，可以切断玻璃	2	2	2
66	1	硬度高	1	1	1
67	1	金刚石的硬度大	1	1	1
68	1	钻石硬度比玻璃大	2	2	2
69	1	钻石硬度大	1	1	1
70	1	钻石的硬度远高于玻璃的硬度	2	2	2
71	1	因为钻石是金刚石，硬度很大	1	1	1
72	1	因为硬度大	1	1	1
73	1	因为钻石的成分为金刚石，比玻璃的硬度大。	2	2	2
74	1	钻石是金刚石，硬度大	1	1	1
75	1	*	0	0	0
76	1	钻石硬度比玻璃大很多	2	2	2
77	1	因为钻石硬度大于玻璃。	2	2	2
78	1	因为钻石硬度很大。	1	1	1
79	1	因为钻石硬度大。	1	1	1
80	1	钻石硬度比较大	2	2	2
81	1	钻石硬度强于玻璃。	2	2	2
82	1	硬度极高	1	1	1
83	1	因为钻石的硬度比玻璃大。	2	2	2
84	1	因为钻石的硬度比玻璃大。	2	2	2
85	1	因为钻石硬度比玻璃更大。	2	2	2
86	1	因为钻石的硬度很大。	1	1	1
87	1	钻石的硬度比玻璃高。	2	2	2
88	1	钻石的硬度比玻璃大	2	2	2
89	1	硬	1	1	1
90	1	钻石坚硬且锋利，可以很好的切割。	1	1	1
91	1	硬度大	1	1	1
92	1	*	0	0	0
93	1	硬度高	2	1	1
94	1	钻石硬度高	2	2	1
95	1	钻石的硬度比玻璃大	2	2	2
96	1	因为钻石硬度比玻璃大	2	2	2
97	1	钻石的硬度大	1	1	1
98	1	钻石的硬度大	1	1	1
99	1	应该是钻石硬度大	1	1	1
100	1	钻石的硬度大	1	1	1
101	1	硬度大	1	1	1
102	1	钻石属于金刚石，硬度比玻璃大	2	2	2
103	1	因为钻石硬度非常大。	1	1	1
104	1	因为硬度大	1	1	1
105	1	钻石的硬度大	1	1	1
106	1	因为钻石比较坚硬。	1	1	1
107	1	钻石硬度比玻璃大	2	2	2
108	1	钻石相对玻璃硬度要大好多。	2	2	2
109	1	钻石硬度比玻璃大很多	2	2	2
110	1	金刚石坚硬且人工成本适中	1	1	1
111	1	硬度大	1	1	1
112	1	钻石比玻璃硬度大	2	2	2
113	1	钻石的本质是金刚石，硬度大。	1	1	1
114	1	因为钻石的硬度比较大	2	2	2
115	1	因为钻石硬度比较大	2	2	2
116	1	钻石硬度高	1	1	1
117	1	因为钻石具有较高的硬度。	2	2	2
118	1	因为钻石够硬	1	1	1
119	1	因为钻石的硬度最高，可以轻易切割玻璃	2	2	2
120	1	钻石硬度大于玻璃硬度。	2	2	2
121	1	钻石比玻璃硬度大	2	2	2
122	1	钻石硬度大	1	1	1
123	1	因为钻石的硬度比玻璃大。	2	2	2
124	1	钻石硬度大于玻璃	2	2	2
125	1	钻石硬度远大于玻璃	2	2	2
126	1	因为钻石的硬度高于玻璃	2	2	2
127	1	硬	1	1	1
128	1	因为钻石的硬度比玻璃高很多	2	2	2
129	1	钻石高硬度，高强度，低摩擦系数。	1	1	1
130	1	因为钻石硬度比玻璃大，用于切割玻璃比较容易而且不会有很大损伤。	2	2	2
131	1	钻石的硬度远远大于玻璃。	2	2	2
132	1	钻石硬度大	1	1	1
133	1	因为钻石的硬度比玻璃高, 可以产生深划痕。	2	2	2
134	1	因为钻石比玻璃硬	2	2	2
135	1	钻石比玻璃硬度高	2	2	2
136	1	因为钻石硬度大。	1	1	1
137	1	因为钻石的硬度大于玻璃的硬度	2	2	2
138	1	钻石是金刚石，自然界中最硬的物质	2	2	2
139	1	由于元素和构造，钻石的硬度很高。	1	1	1
140	1	因为钻石硬度比玻璃高	2	2	2
141	1	硬度大且稳定。	1	1	1
142	1	钻石的硬度比玻璃大	2	2	2
143	1	因为钻石的硬度比玻璃大。	2	2	2
144	1	钻石比玻璃硬而且不易磨损	2	2	2
145	1	钻石硬度比玻璃硬度高。	2	2	2
146	1	坚硬，由内部结构决定。	2	1	1
147	1	钻石硬度高	1	1	1
148	1	钻石比玻璃硬	2	2	2
149	1	因为钻石比玻璃硬度大。	2	2	2
150	1	因为钻石晶体结构密集，质地比玻璃硬。	2	2	2
151	1	因为钻石的硬度比玻璃高	2	2	2
152	1	因为钻石比较硬	2	2	2
153	1	钻石硬度大	1	1	1
154	1	钻石硬度比玻璃高	2	2	2
155	1	因为钻石很硬	1	1	1
156	1	因为钻石的硬度比玻璃高	2	2	2
157	1	因为钻石比玻璃硬。	2	2	2
158	1	硬度大	1	1	1
159	1	因为钻石硬度比玻璃大	2	2	2
160	1	钻石硬度足够大。	2	2	2
161	1	硬度大	1	1	1
162	1	因为钻石的硬度大于玻璃	2	2	2
163	1	硬度大	1	1	1
164	1	因为钻石是世界上最坚硬的物质	2	2	2
165	1	钻石的硬度比较大	2	2	2
166	1	因为钻石很坚硬并且晶体结构稳定	1	1	1
167	1	因为钻石硬度高于玻璃	2	2	2
168	1	因为钻石比玻璃硬。	2	2	2
169	1	钻石是硬度最高的材料，适合用于切割	2	2	2
170	1	钻石是硬度最高的材料，适合用于切割	2	2	2
171	1	因为有钱,钻石硬	1	2	1
172	1	因为钻石硬度高，密度高。	1	2	1
173	1	钻石硬度高，可以切割比它硬度低的。	1	1	1
174	1	因为钻石的硬度比玻璃高，可以产生深划痕。	2	2	2
175	1	因为比较坚硬。	1	1	1
176	1	因为钻石的硬度比玻璃大	2	2	2
177	1	因为钻石比玻璃硬。	2	2	2
178	1	钻石硬度比玻璃大	2	2	2
179	1	因为钻石比玻璃硬度高。	2	2	2
180	1	钻石是最坚硬的物质（之一？）	2	2	2
181	1	钻石硬度高	1	1	1
182	1	钻石硬度比玻璃高，钻石硬度10	2	2	2
183	1	钻石硬度高	1	1	1
184	1	因为钻石硬度高	1	1	1
185	1	因为钻石硬度高，可以加工切割方便，成本低	1	1	1
186	1	硬	1	1	1
187	1	硬度大，受损小	2	1	1
188	1	硬度大	1	1	1
189	1	钻石硬度高	1	1	1
190	1	比他硬	1	1	1
191	1	钻石比较硬，硬度高于玻璃	2	2	2
192	1	硬度大，易制作	2	1	1
193	1	硬度大	1	1	1
194	1	钻石的分子结构更加坚固稳定	2	2	2
195	1	钻石比玻璃硬度大	2	2	2
196	1	硬度高	1	1	1
197	1	硬度较高	1	1	1
198	1	钻石硬度更高	2	2	2
199	1	硬度高	1	1	1
200	1	钻石硬度高	1	1	1
201	1	因为钻石质地坚硬	1	1	1
202	1	因为钻石硬度大，韧度高	1	1	1
203	1	钻石硬度高	1	1	1
204	1	钻石比玻璃硬	2	2	2
205	1	钻石比玻璃坚固	1	2	2
206	1	钻石硬度大于玻璃	2	2	2
207	1	硬度高	1	2	1
208	1	钻石为金刚石，硬度强于玻璃	1	1	1
209	1	因为钻石硬度大	1	1	1
210	1	钻石密度大	0	0	0
211	1	钻石硬度最大	2	2	2
212	1	碳原子在钻石中的排列最稳定，使钻石硬度大	1	1	1
213	1	钻石硬度高	1	1	1
214	1	钻石硬度比玻璃大	2	2	2
215	1	钻石坚硬	2	2	1
216	1	因为钻石的硬度极高，适合用于切割物体	1	1	1
217	1	硬度大	1	1	1
218	1	硬度比玻璃高	2	2	2
219	1	因为钻石的硬度比玻璃高，可以产生深划痕	2	2	2
220	1	因为钻石比较坚硬和锋利	1	2	1
221	1	钻石硬度比玻璃强	2	2	2
222	1	因为钻石的硬度大于玻璃	2	2	2
223	1	因为钻石硬度比玻璃高	2	2	2
224	1	因为钻石的结构更稳定，硬度更高	2	2	2
225	1	因为它坚硬锋利无比	1	1	1
226	1	钻石硬度高	1	1	1
227	1	钻石硬度大于玻璃	2	2	2
228	1	钻石硬度大	1	1	1
229	1	钻石硬度最高	2	2	2
230	1	钻石硬度高	1	1	1
231	1	因为钻石更硬	1	2	1
232	1	C60分子密度高于玻璃	0	0	0
233	1	因为钻石的硬度大于玻璃的硬度	2	2	2
234	1	因为钻石的硬度大于玻璃，可以切开玻璃	2	2	2
235	1	因为钻石的硬度很强	1	1	1
236	1	钻石的硬度很强	1	1	1
237	1	因为钻石硬度高	1	1	1
238	1	钻石硬度高	1	1	1
239	1	钻石的硬度高	1	1	1
240	1	钻石比较硬，比玻璃硬	2	2	2
241	1	钻石硬度强于玻璃	2	2	2
242	1	可能是因为钻石的硬度大，能够割破玻璃	1	1	1
243	1	因为钻石硬度最大（在自然界中）	2	2	2
244	1	硬度高	1	1	1
245	1	硬	1	1	1
246	1	因为钻石的硬度比玻璃大	2	2	2
247	1	钻石硬度比玻璃大	2	2	2
248	1	钻石硬	1	1	1
249	1	他们两个比赛看谁厉害，结果钻石赢了	0	0	0
250	1	钻石比玻璃硬	2	2	2
251	1	钻石硬度比玻璃高	2	2	2
252	1	钻石比玻璃硬度强度大	2	2	2
253	1	钻石硬度大于玻璃	2	2	2
254	1	钻石硬度大于玻璃	2	2	2
255	1	钻石结构稳定硬度大于二氧化硅制成的玻璃。	2	2	2
256	1	钻石的硬度要比玻璃大	2	2	2
257	1	钻石的硬度大于玻璃，从原子的空间结构角度解释。	2	2	2
258	1	因为钻石硬度极大	1	1	1
259	1	因为钻石硬度大，密度小。	1	2	1
260	1	因为钻石的硬度比玻璃大。	2	2	2
261	1	因为钻石硬度很大	1	1	1
262	1	因为钻石的硬度比较高。	2	2	2
263	1	钻石的硬度比玻璃的大。	2	2	2
264	1	因为钻石的硬度比玻璃大。	2	2	2
265	1	钻石硬度很大	1	1	1
266	1	钻石的硬度比玻璃的硬度大。	2	2	2
267	1	钻石硬度大	1	1	1
268	1	钻石由金刚石制作，其硬度较大，可以切割玻璃。	2	2	2
269	1	钻石硬度大。	1	1	1
270	1	因为钻石硬度远大于玻璃，可以切割且不使其破裂。	2	2	2
271	1	钻石的硬度较大，可切割玻璃	2	2	2
272	1	因为钻石硬度大与玻璃	2	2	2
273	1	因为钻石硬度大，不易碎	1	1	1
274	1	因为钻石的硬度比玻璃的硬度大。	2	2	2
275	1	因为钻石的硬度比玻璃的硬度大。	2	2	2
276	1	金刚石硬度最高	1	1	1
277	1	钻石本质是金刚石，硬度大，可以切玻璃。	1	1	1
278	1	因为钻石的硬度比玻璃大。	2	2	2
279	1	钻石的硬度大于玻璃	2	2	2
280	1	钻石的硬度比玻璃高很多	2	2	2
281	1	钻石的硬度强于玻璃。	2	2	2
282	1	钻石的硬度大于玻璃	2	2	2
283	1	钻石硬度高于玻璃	2	2	2
284	1	金刚石硬度大	1	1	1
285	1	钻石的硬度比玻璃大	2	2	2
286	1	因为在自然界中钻石的硬度比较大，用来切割玻璃比较适合。	2	2	2
287	1	钻石的硬度大于玻璃	2	2	2
288	1	因为钻石的硬度更大	2	2	2
289	1	钻石是自然界中硬度最大的物质它的硬度大于玻璃	2	2	2
290	1	钻石是自然界硬度最大的物质。	2	2	2
291	1	钻石硬度大	2	2	1
292	1	钻石硬度大	2	2	1
293	1	钻石的硬度更大	2	2	2
294	1	钻石的硬度较大，比玻璃硬度高。	2	2	2
295	1	因为钻石的硬度大	2	2	1
296	1	钻石的硬度远大于玻璃。	2	2	2
297	1	因为金刚石的硬度很大	2	2	1
298	1	钻石硬度最大	2	2	2
299	1	因为钻石的硬度大	2	2	1
300	1	因为钻石的硬度大于玻璃的硬度	2	2	2
301	1	钻石的硬度比玻璃大。	2	2	2
302	1	因为钻石的硬度大于玻璃的	2	2	2
303	1	因为钻石硬度比玻璃大	2	2	2
304	1	因为其硬度大	1	2	1
305	1	因为钻石的硬度大于玻璃的硬度	2	2	2
306	1	因为钻石的硬度大于玻璃。	2	2	2
307	1	钻石的硬度大于玻璃 	2	2	2
308	1	因为钻石硬度大。	2	2	1
309	1	因为钻石硬度比玻璃大	2	2	2
310	1	钻石的硬度比玻璃的大。	2	2	2
311	1	因为钻石的硬度非常硬，比玻璃的硬度大很多。	2	2	2
312	1	因为钻石硬度大	2	2	1
313	1	因为钻石的硬度比玻璃大	2	2	2
314	1	应为钻石的硬度大于玻璃。	2	2	2
315	1	因为钻石的硬度比玻璃大	2	2	2
316	1	因为钻石的硬度高于玻璃	2	2	2
317	1	因为钻石硬度大	2	2	2
318	1	钻石有极高的硬度，远大于玻璃。	2	2	2
319	1	钻石的硬度比玻璃的大	2	2	2
320	1	因为钻石硬度较大。	2	2	2
321	1	因为钻石硬度大。	2	2	1
322	1	钻石的硬度比玻璃高。	2	2	2
323	1	因为钻石比玻璃坚硬。	2	2	2
324	1	因为钻石的硬度非常大。	2	2	1
325	1	钻石的硬度很大。	2	2	1
326	1	因为钻石的硬度比较大	2	2	2
327	1	因为钻石硬度比玻璃大	2	2	2
328	1	钻石的硬度比玻璃大	2	2	2
329	1	因为坚硬。	1	1	1
330	1	因为钻石的硬度比玻璃高	2	2	2
331	1	因为钻石硬度比玻璃大。	2	2	2
332	1	因为钻石的硬度比玻璃大	2	2	2
333	1	因为钻石硬度大	2	2	1
334	1	因为钻石很硬	2	2	1
335	1	因为钻石的硬度比玻璃大得多。	2	2	2
336	1	钻石即金刚石，的主要成分是炭单质，是天然存在的最坚硬的物质。	2	2	2
337	1	钻石的硬度很大	2	2	1
338	1	硬度高	1	1	1
339	1	钻石硬度大于玻璃。	2	2	2
340	1	钻石硬度比玻璃高，可以产生深划痕	2	2	2
341	1	因为钻石硬度比玻璃大	2	2	2
342	1	因为钻石比玻璃硬	2	2	2
343	1	钻石的硬度比玻璃大	2	2	2
344	1	因为钻石硬	2	2	1
345	1	钻石是金刚石硬度很高	2	2	1
346	1	钻石硬度大于玻璃。	2	2	2
347	1	钻石硬度大于玻璃硬度	2	2	2
348	1	因为钻石硬度大。	2	2	1
349	1	钻石的硬度比玻璃硬度大	2	2	2
350	1	钻石的硬度大，而且与玻璃不发生反应。	2	2	1
351	1	因为钻石的硬度大于玻璃。	2	2	2
352	1	钻石硬度大于玻璃	2	2	2
353	1	钻石的硬度大于硅酸盐的硬度	2	2	2
354	1	因为钻石硬度比玻璃大。	2	2	2
355	1	钻石的硬度比玻璃。	2	2	2
356	1	因为钻石硬度大	2	2	1
357	1	因为钻石的硬度大于玻璃的硬度。	2	2	2
358	1	因为钻石的硬度非常大。	2	2	1
359	1	硬度高，金刚石比玻璃硬度高	2	2	2
360	1	因为钻石的硬度比玻璃高， 可以产生深划痕。	2	2	2
1	2	红色衣服吸收其他色光，反射红色	2	2	2
2	2	红色衣服只反射红光	2	2	2
3	2	因为反射红光	1	1	2
4	2	因为红色的衣服主要反射红光	2	2	2
5	2	因为红色衣服反射红光。	2	2	2
6	2	因为红色衣服把红光都吸收了	0	0	0
7	2	因为红色衣服吸收除红色以外的所有光，并反射红色光	2	2	2
8	2	人为给一个颜色规定了名称，所以它就是红色。	0	0	0
9	2	颜色认知	1	0	0
10	2	因为衣服的颜色在视网膜上的投影为红色	1	1	1
11	2	光的反射	1	1	1
12	2	红色衣服反射红色的光，给人感知红色。	2	2	2
13	2	衣服接受光照后吸收了除红色外的大部分光，反射的红光被肉眼接受	2	2	2
14	2	小时候学习识别颜色的时候在大脑中形成了记忆	0	0	0
15	2	因为光的反射	1	1	1
16	2	因为红色衣服可以吸收除了红色之外颜色的光	0	0	0
17	2	因为红色衣服只反射红色光	2	2	2
18	2	因为人眼可以识别红色	1	0	0
19	2	红色物体反射红光。	2	2	2
20	2	可见光中的红光被反射到眼睛里，大脑识别成红色	2	2	2
21	2	因为在我们的认知里，这个颜色就是红色	0	0	0
22	2	因为在我们达成共识，认为它就是红色。	0	0	0
23	2	只有红色光被反射进入眼睛	2	2	2
24	2	光的反射	1	1	1
25	2	衣服反射的光是红色的	2	2	2
26	2	因为红色衣服只反射红色光。	2	2	2
27	2	衣服吸收其他颜色光，将红光反射到人眼。	2	2	2
28	2	光反射	1	1	1
29	2	因为太阳光只有红色被反射了，其余都被吸收了	2	2	2
30	2	视觉感官	1	1	1
31	2	光照到衣服上有反射，红色衣服反射红光，被眼睛接收到就呈现红色	2	2	2
32	2	红色是一种有特定频率的波，眼睛接受到波 色觉就会反馈红色	2	1	1
33	2	因为红色衣服能吸收除红色外的其他颜色	1	2	1
34	2	光的反射	2	1	1
35	2	衣服反射到眼里的光是红的	2	2	2
36	2	只反射红色光	2	2	2
37	2	红色衣服反射红色波段的光	2	2	2
38	2	因为红色衣服折射出来的光是红色	0	0	0
39	2	因为它反应出来是红色。	0	0	0
40	2	衣服反射红光	2	2	2
41	2	因为它是红色	0	0	0
42	2	衣服反射的红光被眼睛接受到	2	2	2
43	2	经过反射形成的视觉效果	1	1	1
44	2	吸收所有光仅反射红光	2	2	2
45	2	因为衣服是红色的，光从衣服上反射出来只有红光。	2	2	2
46	2	因为我不是红绿色盲	0	0	0
47	2	红色光被反射，其他光被吸收。	2	2	2
48	2	我们看到的是红色衣服反射的红光	2	2	2
49	2	红色的衣服可以吸收除红光以外的光。	2	2	2
50	2	衣服反射的光是红色光	2	2	2
51	2	自然光照射红色衣服只有红色光被反射到人眼。	2	2	2
52	2	因为衣服不吸收红色，把红色反射到我们眼睛，于是看到了红色。	2	2	2
53	2	衣服反射红光，吸收了其他色光，反射的红光进入人眼，人就看到了红色衣服。	2	2	2
54	2	红色衣服吸收除红色以外的所有光，反射红光	2	2	2
55	2	因为它是红色	0	0	0
56	2	只有红光能被折射到人眼中	2	2	2
57	2	红色衣服吸收其他色光，反射红光	2	2	2
58	2	红光无法穿过红色衣服，因此，视觉上来说衣服是红的。	1	1	1
59	2	因为衣服表面发光在眼睛中成像	1	0	0
60	2	红色衣服只反射红光使我们看到红色衣服	2	2	2
61	2	红光被反射	2	2	2
62	2	*	0	0	0
63	2	因为红色衣服反射红光光线照到视网膜上在大脑中看到红色	2	2	2
64	2	因为物体只反射与它颜色相同的色光	1	2	2
65	2	衣服表面反射红光	2	2	2
66	2	反射红色	1	1	1
67	2	光的反射	1	1	1
68	2	衣服表面不吸收红光，光线反射进眼中成像	2	2	2
69	2	红色衣服会反射红光到我们的眼睛里	2	2	2
70	2	光的反射原理	1	1	1
71	2	因为衣服上的红光反射到我们眼睛里	2	2	2
72	2	已经为光的吸收与反射	1	1	1
73	2	因为红色衣服不吸收红光，反射的红光使看到衣服是红色的。	2	2	2
74	2	红色衣服会反射阳光中的红光	2	2	2
75	2	*	0	0	0
76	2	因为衣服表面不吸收红光，发生反射	2	2	2
77	2	红色衣服反红色光，进入人的眼睛	2	2	2
78	2	因为红色衣服会反射红光。	2	2	2
79	2	衣服上反射的光是红色的	2	2	2
80	2	光的反射	1	1	1
81	2	红色的衣服可以反射太阳光中的红光。	2	2	2
82	2	红色衣服将光中的红色反射，人眼接受了红色。	2	2	2
83	2	因为衣服不吸收红色的光，将红色折射出来，进入到眼睛中。	0	0	0
84	2	因为视网膜上细胞可以捕捉色彩信息。	1	1	1
85	2	衣服颜料里红色不能被太阳光吸收。	0	0	0
86	2	因为红衣服吸收了其它颜色反射红色。	2	2	2
87	2	其他色光被吸收了，红光被反射。	2	2	2
88	2	"红色衣服吸收其他6色的光，只反射红光"	2	2	2
89	2	反射红光	1	2	2
90	2	因为衣服吸收的除红光以外的其他色光。	2	2	2
91	2	因为红色不吸收红色光谱	1	1	1
92	2	衣服的材料反射红光	2	2	2
93	2	红色衣服只反射红光	2	2	2
94	2	红光被反射出来，其他的色光被吸收	2	2	2
95	2	因为光的散射	1	0	0
96	2	红色不吸收红光，红光进入人眼	2	2	2
97	2	肉眼接收到红色波段的光波	2	1	1
98	2	反射红色的色光	2	2	2
99	2	反射的光线被视网膜接受并传入大脑皮层	2	2	2
100	2	红色衣服只反射红光，其它光被吸收	2	2	2
101	2	光的反射	1	1	1
102	2	光的反射	1	1	1
103	2	颜色投影到人的视网膜上。	1	1	1
104	2	因为反射红光	2	2	2
105	2	衣服反射红光 红光进入人眼	2	2	2
106	2	红色衣服吸收别的光色，反射红色。	2	2	2
107	2	红衣服吸收红光，反射进视网膜的光呈红色	2	2	2
108	2	规定是红色。	0	0	0
109	2	红色光未被衣服吸收，经反射被人眼捕捉	2	2	2
110	2	红色衣服的染料更多的反射太阳光中的红光，人眼接收到了其反射的红光	2	2	2
111	2	眼睛看到的	0	0	0
112	2	其他光线被吸收，只有红色光线被反射入眼	2	2	2
113	2	红色衣服对其他颜色的光吸收能力强，对红光的吸收能力弱，红光反射进去人眼。	2	2	2
114	2	其它色系被吸收太阳反射进入眼睛后呈红色	1	1	1
115	2	"因为红色衣服反射了红色的光"	2	2	2
116	2	反射的红光	1	2	2
117	2	因为红色衣服反射的自然光为红色。	2	1	2
118	2	因为红衣服反射红色光	2	2	2
119	2	红色衣服能反射红色的光，吸收其他的光。	2	2	2
120	2	红的衣服将红色光线反射，故人眼接收红色光线。	2	2	2
121	2	人眼可以反射衣服上除了红色之外的所有颜色	1	0	0
122	2	红色衣服反射红光至人眼中	2	2	2
123	2	因为光反射到我们眼睛里的颜色是红色的。	2	2	2
124	2	光的反射	1	1	1
125	2	光照射在衣服上只反射红色的光进入人眼。	2	2	2
126	2	衣服反射了红色的光，吸收了其他颜色的光	2	2	2
127	2	反光	1	1	1
128	2	因为RGB的值决定了我们看到的颜色	0	0	0
129	2	红衣服反射红光，吸收其他光	2	2	2
130	2	因为太阳光照射在红色衣服上所反射的光的颜色是红色的	2	2	2
131	2	红色吸收了其他颜色的光，反射出红色。	1	2	2
132	2	可看到红光波长，红衣吸收其他可见光反射红光	2	2	2
133	2	应为其他的颜色光被吸收了，只有红色反射出来。	2	2	2
134	2	因为衣服反射了阳光中的红色光	2	2	2
135	2	反射	1	1	1
136	2	因为红色衣服反射红色光，眼睛接受红色	2	2	2
137	2	因为被灌输某频率段的光波为红色这个概念	1	0	0
138	2	光的反射	1	1	1
139	2	光经过红色衣服反射后的光是红色的。	2	2	2
140	2	因为红色衣服吸收了除了红色的所以色光，只反射红色	2	2	2
141	2	反射红色光。	2	2	2
142	2	红色的衣服吸收了除了红色以外的所有光，只反射红光到眼睛里。	2	2	2
143	2	红色的衣服可以吸收除了红色以外的所有光，只反射红色光，所以眼睛只能收到红色光。	2	2	2
144	2	人把红色定义为“红色”，而衣服恰好是这种已经定义的颜色	0	0	0
145	2	红色衣服反射红光进入人眼。	2	2	2
146	2	红色光反射到人的眼中	2	2	2
147	2	红色衣服反射红光	2	2	2
148	2	红色衣服反射红光	2	2	2
149	2	因为红色衣服会反射红色的光。	2	2	2
150	2	红色衣服吸收了某些颜色，反射呈红光。	2	2	2
151	2	因为从小教育我们那个颜色是红色	1	0	0
152	2	因为大脑认知从小就对这种视觉观感做了定义	0	1	0
153	2	红色衣服吸收其他色光，反射红色	2	2	2
154	2	红色衣服只反射红光	2	2	2
155	2	因为反射红光	2	2	2
156	2	因为红色的衣服主要反射红光	2	2	2
157	2	因为红色衣服反射红光。	2	2	2
158	2	因为红色衣服把红光都吸收了	0	0	0
159	2	因为红色衣服吸收除红色以外的所有光，并反射红色光	2	2	2
160	2	人为给一个颜色规定了名称，所以它就是红色。	0	0	0
161	2	颜色认知	1	0	0
162	2	因为衣服的颜色在视网膜上的投影为红色	1	1	1
163	2	光的反射	1	1	1
164	2	红色衣服反射红色的光，给人感知红色。	2	2	2
165	2	衣服接受光照后吸收了除红色外的大部分光，反射的红光被肉眼接受	2	2	2
166	2	小时候学习识别颜色的时候在大脑中形成了记忆	0	0	0
167	2	因为光的反射	1	1	1
168	2	因为我们的眼睛看到的红色衣服的颜色是红色的。	2	0	0
169	2	白光照射到衣服上，除了红光都被吸收	2	1	1
170	2	白光照射到衣服上，除了红光都被吸收	2	1	1
171	2	因为我觉得是红的他就是红的	0	0	0
172	2	因为红色波长在我们的可视范围内。	1	1	1
173	2	光的反射，以及周围环境颜色的衬托。	1	1	1
174	2	因为红色衣服反射给人眼的是红色。	2	2	2
175	2	因为光线的反射。	1	1	1
176	2	因为红色衣服只反射红色光	2	2	2
177	2	红色衣服反射红光	2	2	2
178	2	衣服吸收不了红色的光而反射到人眼所以看到红色	2	2	2
179	2	因为红色衣服反射红色光吸收其他颜色光。	2	2	2
180	2	光的反射	1	1	1
181	2	因为红色衣服吸收红色光	0	0	0
182	2	红色衣服吸收除某种色光之外所有色光，且我们习惯将被其反射的此种光称为“红色光”	2	2	2
183	2	在人类认知范围内，将这种颜色反应为红色	1	1	1
184	2	因为光的反射	2	1	1
185	2	因为红色衣服反射红色波长的光	2	2	2
186	2	以前知道这是红色	1	0	0
187	2	完全取决于视网膜	0	0	0
188	2	反射红光	2	2	2
189	2	本身就是红色	1	0	0
190	2	看看像	0	0	0
191	2	颜色由红黄蓝三原色组成，红色衣服由太阳反光显示红色	1	1	1
192	2	大脑学习识别判断得到结果	1	0	0
193	2	阳光中除红色外的颜色被吸收，只有红色被反射	2	2	2
194	2	因为人类同意将这种色彩命名为红	1	0	0
195	2	其他颜色没有反射	2	1	1
196	2	只反射红光	2	2	2
197	2	反射光谱	1	1	1
198	2	光反射	1	1	1
199	2	红色光反射到眼睛	1	2	2
200	2	反射红色光	2	2	2
201	2	红色衣服吸收了其他色的光，反射出红色	2	2	2
202	2	因为视觉和光反射	1	1	1
203	2	红色衣服的光波长在红色可见光波长范围	2	1	1
204	2	红色衣服反射红色的光	2	2	2
205	2	红色衣服反射红光	2	2	2
206	2	红色频率位于人眼可监管频率范围之内	2	1	1
207	2	衣服吸收了光中红色以外的其他颜色波长的光	2	1	1
208	2	光的反射与吸收	1	1	1
209	2	红色衣服反射红色光	2	2	2
210	2	衣服吸收了其他颜色的光谱，反射出红光	2	2	2
211	2	因为它就是红色的	0	0	0
212	2	衣服的本征色反射自然光中红色而被看见	2	2	2
213	2	因为红色物体反射红色的光，其他颜色被吸收	2	2	2
214	2	红色的光被反射到我们眼中	2	2	2
215	2	材料吸收了红光	0	0	0
216	2	因为衣服将自然光中的其他颜色的吸收，只将红光反射出来	2	2	2
217	2	反射红光多	2	2	2
218	2	人类色觉感知红色光谱	1	1	1
219	2	因为只反射红光，剩下的光被吸收了	2	2	2
220	2	因为红色的衣服只反射红光	2	2	2
221	2	光的其他颜色被衣服吸收，只有红色被反射	2	2	2
222	2	因为反射红色的光被眼睛接收	2	2	2
223	2	因为红色衣服反射的光线进入人的眼中是红光	1	2	2
224	2	因为红色衣服反射红色的光，且吸收其他色光	2	2	2
225	2	因为人类眼睛的构造如此（色盲除外）	0	0	0
226	2	红色可见光被反射出来被眼睛接收	2	2	2
227	2	因为它是红色的	0	0	0
228	2	对颜色的丁定义和认知	0	0	0
229	2	因为衣服吸收了其他波段的光，而红色没有吸收，反射出红光	2	2	2
230	2	所见即所得	0	0	0
231	2	因为反射到人眼中的是红色	1	2	1
232	2	因前一天没睡好，眼里血丝多	0	0	0
233	2	因为太阳光最后反射到人眼中的是红色光	2	2	2
234	2	因为红色衣服反射红光，人眼接收到红光	2	2	2
235	2	因为红色的物体反射红色的光，反射到人的眼里看到的就是红色	2	2	2
236	2	红色物体反射红色的光	1	2	2
237	2	因为大脑认知	0	0	0
238	2	因为不是色盲	0	0	0
239	2	光线找到红色衣服上，反射到人眼的光线是红色的	2	2	2
240	2	光反射红色可见光，反射的光到眼中看到的是红色	2	2	2
241	2	反射到眼里的颜色是红色的	1	0	0
242	2	肉眼识别，若看不出红色衣服是红色的，那可能是色盲或色弱了	0	0	0
243	2	因为红色衣服会吸收其他光，反射红光	2	2	2
244	2	人眼具有辨识颜色的能力	1	1	1
245	2	反射	1	1	1
246	2	不是红色的，就要去看眼睛了	0	0	0
247	2	红色衣服反射到视网膜的光线是红色	2	2	2
248	2	其他光被吸收	2	1	1
249	2	因为我们不是色盲	0	0	0
250	2	我看的是绿色	0	0	0
251	2	红色衣服反射红色的光	2	2	2
252	2	光反射	1	1	1
253	2	红色衣服只反射红色	2	2	2
254	2	反射光	1	1	1
255	2	在自然光的反射下接收到了红色反光。	2	2	2
256	2	白光照到衣服上，除了红光其它色光都被吸收了	1	2	1
257	2	因为人眼接收到是太阳光（复色光）反射到衣服所剩下的红光	2	2	2
258	2	因为红色衣服反射红色色光	2	2	2
259	2	因为衣服颜色在视网膜合成形成红色。	0	2	0
260	2	因为红色衣服反射出了红光。	2	1	2
261	2	因为光的反射	1	1	1
262	2	因为红色的衣服反射红光最多。	2	2	2
263	2	此衣服反射红光，吸收其他的光。	2	2	2
264	2	因为衣服反射了红色	2	1	1
265	2	红色的衣服只反射红色的光，所以看到红色	2	2	2
266	2	红色物体反射红光，吸收其他光，所以看见的衣服是红色的	2	2	2
267	2	因为红色衣服只反射红光	2	2	2
268	2	红衣服上吸收白色光反射出红色单色光，	1	0	0
269	2	红色衣服反射红色光。	2	2	2
270	2	因为只有红光被衣服吸收，其余均被反射。	0	0	0
271	2	红衣服反射出红色单色光让人眼看到，	2	2	2
272	2	因为它反射红色光	2	2	2
273	2	因为衣服把其他色光吸收了，只反射了红光。	2	2	2
274	2	因为红色的衣服会反射红色光而吸收其他颜色的光。	2	2	2
275	2	因为红色的衣服会反射红色光而吸收其他颜色的光。	2	2	2
276	2	只反射红光	2	1	2
277	2	因为人眼可以看到在衣服表面反射出来的红色波长的光。	2	2	2
278	2	因为红色衣服反射了红色的光。	2	2	2
279	2	红衣反射红色色光	2	2	2
280	2	人眼对不同光的识别	0	1	0
281	2	红衣服把别的颜色的光都吸收了，只反射出红光。	2	2	2
282	2	衣服吸收了其他颜色的光，将红色光反射出来。	2	2	2
283	2	衣服反射红色，吸收其余色光	2	2	2
284	2	衣服反射了红色的光	2	2	2
285	2	我们只是用红色这个代号代替了那个颜色	0	0	0
286	2	光照射到衣服表面上，会反射出红色波长的光，就会呈红色。	2	2	2
287	2	反射到我们视网膜的光是红色的	2	2	2
288	2	红色衣服反射红光	2	2	2
289	2	光线经过反射，其余的颜色的光都被吸收，除了红色	2	2	2
290	2	红色衣服会反射红光，吸收其他色光，所以是红色。	2	2	2
291	2	太阳光反射	1	1	1
292	2	大阳光反射	1	1	1
293	2	光的吸收与反射	1	1	1
294	2	太阳照到衣服上，将红色反射到眼中。	2	2	2
295	2	因为红色衣服吸收红光少，较多红光被反射回来	2	2	2
296	2	红色衣服吸收其它光，只反射红光到人眼。	2	2	2
297	2	红色反射红光，照在视网膜上形成视觉	2	2	2
298	2	光经过反射只有红光被反射进入人眼	2	2	2
299	2	因为光的反射原理	1	1	1
300	2	因为衣服只反射红色光，吸收了其他颜色的光	2	2	2
301	2	因为光射到衣服上，再折射到肉眼中为红色。	0	2	0
302	2	由于这件衣服反射了红色光，吸收了其他颜色的光	2	2	2
303	2	因为它吸收白色光中除了红色光以外的光，反射红色光	2	2	2
304	2	因为它反射的红光进入我们的视线	2	2	2
305	2	因为其他颜色的光都被吸收了	2	1	1
306	2	因为红光的反射及其余光的吸收。	2	2	2
307	2	因为衣服吸收了其他颜色的光	1	1	1
308	2	因为它反射红色光。	2	2	2
309	2	因为红色衣服吸收其他颜色的光而反射红色光。	2	2	2
310	2	红色物体反射红光，吸收其他光线。	2	2	2
311	2	红色的衣服反射的红光在大脑中形成的反应是红色。	2	2	2
312	2	因为它反射红光	2	2	2
313	2	因为有红光反射到我们眼睛里	2	2	2
314	2	应为红色衣服不吸收红光而反射红光	2	2	2
315	2	衣服反射的光是红色的	2	2	2
316	2	因为衣服吸收了红色以外的光，反射了红光	2	2	2
317	2	因为红色衣服反射红光，吸收其他色光	2	2	2
318	2	红色衣服吸收了其他波长的光而反射红色的光。	2	2	2
319	2	红色衣服不吸收太阳光中的红光，红光反射到人的眼睛中	2	2	2
320	2	红色衣服只把自然光中的红光反射了出来，其余的全部吸收掉了。	2	2	2
321	2	衣服吸收了光中的另外六种颜色，只反射红色。	2	2	2
322	2	其他颜色的光都被吸收了只有红光被反射。	2	2	2
323	2	因为衣服是红色的。	0	0	0
324	2	其他颜色的光都被吸收了，只有红光被反射。	2	2	2
325	2	该衣服的材料不吸收红光。	1	1	1
326	2	物体不吸收红光，因而红光反射到人眼中	2	2	2
327	2	因为光的反射	1	1	1
328	2	因为它只反射红光，吸收了其他颜色的光	2	2	2
329	2	因为光的反射。	1	1	1
330	2	红色衣服反射的绝大多数是红光	2	2	2
331	2	衣服的材料反射红色，吸收其他颜色。	1	1	1
332	2	因为衣服的材料不吸收红光，反射红光	2	2	2
333	2	因为红色衣服反射红色光	2	2	2
334	2	红色衣服只反射红光	2	2	2
335	2	由于光的其它颜色被吸收，红色只反射红光。	2	2	2
336	2	因为红色的布料只反射红光，所以呈现出红色。	2	2	2
337	2	红色衣服不吸收红光，红光被反射到人眼里，所以看见就是红色的	2	2	2
338	2	衣服表面材质不吸收红光	1	1	1
339	2	红色衣服反射阳光中的红光，吸收其他色光。	2	2	2
340	2	红色的东西只反射红色的光到我们眼中	0	2	2
341	2	因为红色衣服把除红色以外的光都吸收了	2	1	1
342	2	因为人的眼睛能分辨颜色	0	0	0
343	2	红色衣服的布料不吸收红光，将红光反射出来	2	2	2
344	2	红色反射出来红光 ，吸收其他颜色光	2	2	2
345	2	因为红色衣服只反射红光	2	2	2
346	2	衣服吸收其他颜色的光，反射红色的光。	2	2	2
347	2	红衣服将红光反射到我们眼中，	2	2	2
348	2	红色光经过红色衣服反射到人眼睛里。	2	2	2
349	2	衣服吸收红光以外的其他光，并反射红光	2	2	2
350	2	白光照在衣服上只反射红光进我们的眼睛。	2	2	2
351	2	红衣服将其他颜色的光吸收，反射出红光。	2	2	2
352	2	衣服反射阳光中的红光，进入人眼后形成红色	2	2	2
353	2	大脑认为视网膜反馈七百纳米电磁波信号是红色	2	1	1
354	2	衣服的材料反射红色，吸收其他颜色。	2	2	2
355	2	吸收了太阳光光谱里除红色光之外的其他光。	2	1	1
356	2	红色衣服只反射红光，吸收其他颜色光	2	2	2
357	2	因为衣服吸收了其他的单色光，而红色未被吸收且反射进了我们的视网膜上。	2	2	2
358	2	其他颜色的光都被吸收了，只有红光被反射。	2	2	2
359	2	反射到我们眼里的太阳光红光最多	2	2	2
360	2	因为它吸收了其他的光，反射了红光	2	2	2
1	3	能像人一样思考，具有一定智慧，独立完成一些事情	1	0	1
2	3	使机器模拟人的思维解决问题	2	1	2
3	3	一门涉及众多学科的技术科学	0	0	0
4	3	用电脑程序模拟人的思维模式	1	1	1
5	3	电脑有像人一样的思考能力。	2	2	2
6	3	机器可以像人一样“思考”做指定的工作	2	1	2
7	3	人的思维，机器的计算	1	1	1
8	3	人制造的具有智能的系统或软件。	2	2	2
9	3	机器通过学习，了解人类，帮助人类	0	0	0
10	3	人工智能是拥有类人智慧的系统	1	1	1
11	3	简称AI，模仿人的一个学科	1	1	1
12	3	机器实现自我认知。	1	1	1
13	3	用机器模拟人类的思维和行为	2	2	2
14	3	依靠机器学习等技术让计算机具有像人一样思考判断的能力	2	2	2
15	3	机器模拟人类思维	2	2	1
16	3	人工智能从本质上讲就是机器智能	2	2	2
17	3	用计算机模拟人类思维	2	2	2
18	3	就是让机器与人交互，替我们工作	1	0	1
19	3	就是想创造出像人一样有智慧的机器。	1	1	1
20	3	将人类的思想与判断能力赋予计算机	1	1	1
21	3	人造的智能机器，对人类的思维和行为方式进行模仿	2	2	2
22	3	人们开发的能代替人们部分工作的智能产物	1	1	1
23	3	人工智能是能够与人类正常交流，能够代替人类从事某些工作的智能机器。	1	1	1
24	3	用机器来实现人能做的和人难以做到的。	1	1	1
25	3	能够模仿人类作出对事物判断的机器	2	2	2
26	3	人工智能就是将人类的智慧在机器上实现	1	1	1
27	3	研究、开发用于模拟、延伸和扩展人的智能的技术科学	2	2	2
28	3	人工智能就是让程序或机器等能按照人的思维方式来思考	2	2	2
29	3	让机器能做人类会做的事，甚至是人类不能做的	2	2	2
30	3	由人工设计的类似人类的智能产品	2	2	2
31	3	机器代替人类做一些简单的逻辑处理	1	1	1
32	3	计算机通过海量计算与机器学习来解决问题	1	1	1
33	3	人工研究出来的模拟人的智能	2	2	2
34	3	人工建造的智能产品	1	1	1
35	3	机器能搜索能推理	1	1	1
36	3	人与智能产品	1	0	0
37	3	能和人一样思考的机器	1	1	1
38	3	人工的智能	0	0	0
39	3	人工创造出来的能够像人一样思考，行动的程序	2	2	2
40	3	机器代替人类做事	1	1	1
41	3	机器用人的方式去智能的解决问题	1	1	1
42	3	人类制造出来的用于代替人类完成工作或像人类一样思考的科技产品。	1	1	1
43	3	能够在一定程度上代替人类工作的机器	2	2	2
44	3	研究用计算机模拟人类智能。	2	2	2
45	3	计算机通过机器学习为人类处理事务。	2	1	1
46	3	从外界接受信息并模拟人脑对其进行处理。	2	2	2
47	3	计算机可以高效地做人的工作	2	2	2
48	3	模拟人类思考模式的机器。	2	2	2
49	3	它是研究、开发用于模拟、延伸和扩展人的智能的理论、方法、技术及应用系统的一门新的技术科学。	2	2	2
50	3	研究计算机使其来模拟人的某些思维过程和智能行为，制造类似于人脑智能的计算机，使计算机能实现更高层次的应用。	2	2	2
51	3	人工制造出来的机器表现出不同于一般机器的智能	2	2	2
52	3	人工的智能	0	0	0
53	3	有一定智慧的人工制造的程序	1	2	2
54	3	运用科技使机器做出类似人为的高级动作	1	1	1
55	3	人工智能是指用机器来完成人类的一些工作，从而产生了人工智能。	2	1	1
56	3	人创造的具有智能的程序	2	2	2
57	3	以人工设计算法的形式进行自主学习的计算机	1	1	1
58	3	模拟人类的程序	2	2	2
59	3	*	0	0	0
60	3	研究开发人的智能的新的科学技术	0	0	0
61	3	一种新式算法。	0	0	0
62	3	研究计算机模拟人类的智能	2	2	2
63	3	能够与人类交流的计算机系统	1	1	1
64	3	计算机通过一定学习完成某种目的	1	1	1
65	3	研究开发类似人类智能的机器的科学	2	2	2
66	3	电脑自助进行各类操作	1	1	1
67	3	智慧机器	1	1	1
68	3	研究人类智能的领域	0	0	0
69	3	利用计算机解决生活问题	1	1	1
70	3	人工智能是计算机模拟人的行为，像人一样处理问题。	2	2	2
71	3	模拟人类思维的计算机程序	2	2	2
72	3	*	0	0	0
73	3	研究开发使计算机模拟人类智能的技术	2	2	2
74	3	就是使机器具有类似于人的思考能力和推理能力	2	2	2
75	3	人工智能是人类设计出来的一种程序。	1	1	1
76	3	具体说不清楚，只能意会不可言传	0	0	0
77	3	能够像人类一样进行简单思考的机器	2	2	2
78	3	可以进行自主操作的完成一定任务的机器。	1	1	1
79	3	人工制造的模仿人类思维的智能人	2	2	2
80	3	人工智能就是用人工的方式，让机器做人想做的事情，通过给机器发出命令指示，让机器来执行。	2	2	2
81	3	人工智能是一种可以解决问题的工具。	0	0	0
82	3	用计算机模拟延展人的智能。	2	2	2
83	3	使用计算机来模拟人的思维与行为	2	2	2
84	3	人来操作训练计算机使计算机更加智能	1	1	1
85	3	使机器像人一样思考工作，多学科的交叉学科。	2	2	2
86	3	人类设计的高科技机器技术。	0	0	0
87	3	研究智能的新的技术科学。	1	1	1
88	3	计算机科学的分支，简称AI	1	1	1
89	3	机器干人事	1	1	1
90	3	人工智能就是通过一系类的技术手段使机器模仿人的智能。	2	2	2
91	3	计算机通过学习达到自主解决问题的功能	2	2	2
92	3	能自己学习	0	0	0
93	3	基于深度学习算法的机器	1	1	1
94	3	*	0	0	0
95	3	计算机对信息的处理	0	0	0
96	3	让机器具有人思考的能力，帮助人类完成任务	2	2	2
97	3	用机器模拟人脑	1	1	1
98	3	不知道	0	0	0
99	3	应该是由人开发的智能程序	1	1	1
100	3	高科技	0	0	0
101	3	人类设计的智能机器	1	1	1
102	3	利用程序使机器模仿人的思维动作	2	2	2
103	3	像人一样智能的机器	2	2	2
104	3	人工制造的智能物品	1	0	1
105	3	*	0	0	0
106	3	AI。由于太复杂我难以定义。	1	0	0
107	3	人工智能是通过计算机编程控制机器，使机器能够自主学习	2	2	2
108	3	二十一世纪的新技术，旨在服务人类、社会。	0	0	0
109	3	人类创造的可以帮助人类做事情的机器	2	2	2
110	3	人造的但是会通过大数据以及概率运算进行深度学习的人类编写制造的机器程序	2	2	2
111	3	人类制造的高科技	0	0	0
112	3	通过计算等机技术使机器近似于人	2	2	2
113	3	是与人类智能相似的智能机器	1	1	1
114	3	模拟人的各方面性能并不断发展形成的智能机器	2	2	2
115	3	使机器拥有像人一样的智能	2	2	2
116	3	有着类似人的思想	0	0	0
117	3	人为的创造出来的具有思考能力的“生命”	1	1	1
118	3	让计算机仿人的思维方式	2	2	2
119	3	是研究，开发用于模拟和扩展人的智能的理论、方法、技术及应用系统的一门新的技术科学。	2	2	2
120	3	可以协助人类自主做出一些决策。	1	0	0
121	3	让机器可以模仿，拓展，延伸人类的智能	2	2	2
122	3	研究、开发用于模拟、延伸和扩展人的智能的理论、方法、技术及应用系统的一门新的技术科学	2	2	2
123	3	人工智能就是让机器模拟人的大脑来解决实际问题。	2	2	2
124	3	执行拟人任务的程序或机器	2	2	2
125	3	机器能像人具有智能的判断，学习技能。	2	2	2
126	3	模拟、延伸和扩展人的智能的理论、方法、技术及应用系统	2	2	2
127	3	机器模拟人 	1	1	1
128	3	机器对人类思维行动的模仿	2	2	2
129	3	通过人为的干涉实现机器智能。	1	0	0
130	3	是研究、开发用于模拟、延伸和扩展人的智能的理论、方法、技术及应用系统的一门新的技术科学。	2	2	2
131	3	是研究开发用以模拟扩展人的智能的理论。	2	2	2
132	3	人为创造的智能	1	0	0
133	3	是研究用于模拟、延伸和扩展人的智能的技术科学。	2	2	2
134	3	让计算机模拟人类的思考模式行动	2	2	2
135	3	模拟，延伸并扩展人的智能	2	2	2
136	3	用人工的方法和技术开发智能机器或智能系统，以模仿、延申人的智能。	2	2	2
137	3	让机器像人类一样思考	2	2	2
138	3	机器具有像人类一样的行为	2	2	2
139	3	用人工的方法开发智能机器和系统。	1	1	1
140	3	*	0	0	0
141	3	对机器赋以类人的属性以从事相关活动。	2	2	2
142	3	用机器学习人的思考功能。	1	1	1
143	3	机器可以像人一样思考，并且处理问题。	2	2	2
144	3	由人所创造的具有思考能力的物品	1	0	1
145	3	人工创造的模拟智能的机器。	2	2	2
146	3	让人觉得机器在像人一样思考	2	2	2
147	3	使机器具备人的智慧，模拟人的行为	2	2	2
148	3	研究如何做出能以人类思考模式的机器的科学	2	2	2
149	3	人赋予工件思想。	0	0	0
150	3	使程序具有启发性。	0	0	0
151	3	人编写一系列东西来帮助自己完成更多的事	1	1	1
152	3	计算机通过模仿使外在呈现出一种类人的智能	1	2	2
153	3	能像人一样思考，具有一定智慧，独立完成一些事情	0	0	0
154	3	使机器模拟人的思维解决问题	2	1	1
155	3	一门涉及众多学科的技术科学	0	0	0
156	3	用电脑程序模拟人的思维模式	2	2	2
157	3	电脑有像人一样的思考能力。	2	2	2
158	3	机器可以像人一样“思考”做指定的工作	2	2	2
159	3	人的思维，机器的计算	1	1	1
160	3	人制造的具有智能的系统或软件。	2	2	2
161	3	机器通过学习，了解人类，帮助人类	0	0	0
162	3	人工智能是拥有类人智慧的系统	2	2	2
163	3	简称AI，模仿人的一个学科	1	0	1
164	3	机器实现自我认知。	0	0	0
165	3	用机器模拟人类的思维和行为	2	2	2
166	3	依靠机器学习等技术让计算机具有像人一样思考判断的能力	2	2	2
167	3	机器模拟人类思维	2	1	1
168	3	通过程序算法使机器能够具备人的一些思维能力和认知能力。	2	2	2
169	3	机器可以思考而提供更好的服务	1	1	1
170	3	"机器可以思考而提供更好的服务"	1	1	1
171	3	可能就是人工智障吧	0	0	0
172	3	用机器替人或帮人做事。	1	1	1
173	3	人工制作，模仿人类进行工作的机器。	2	1	1
174	3	*	0	0	0
175	3	让计算机具备人的思维。	1	1	1
176	3	通过程序来完成的对于某种问题的自然解答	1	1	1
177	3	用人工的方法让机器实现智能行为	2	2	2
178	3	模拟人的智能的系统	2	1	1
179	3	机器具备人的思维能代替人工作	2	2	2
180	3	人类模拟人脑做出的具有人类智慧的机器	1	1	1
181	3	人工智能就是以人脑的学习方式去让机器自主学习，并用人脑方式处理问题与反馈	1	1	1
182	3	使机器使用或模拟人的思维、动作模式	1	1	1
183	3	机器	0	0	0
184	3	比如机器和人的想法一样	1	1	1
185	3	可以依据一定的规则，处理问题没有一定的自由度	0	0	0
186	3	自动学习	1	0	0
187	3	机器代替人脑，或者代替人	2	2	2
188	3	*	0	0	0
189	3	人工造的智能	1	1	1
190	3	机器人	1	1	1
191	3	人工智能是制造一种能仿造人的行为的技术，例如阿尔法狗，图像识别技术、机器人等	2	2	2
192	3	使计算机具有人的学习判断能力	2	2	2
193	3	计算机科学的一个分支，核心是机器学习	2	2	2
194	3	人工制造的机器具有学习能力	1	1	1
195	3	一种技术科学	0	0	0
196	3	*	0	0	0
197	3	*	0	0	0
198	3	*	0	0	0
199	3	研究开发用于模拟、延伸和扩展人的智能的方法	2	2	2
200	3	能自我思考的机器	1	1	1
201	3	人类通过一些方式驱使一些机器完成困难的任务	1	1	1
202	3	利用程序语言和硬件支撑构建智能设备	1	1	1
203	3	智能处理所做的工作	1	1	1
204	3	让设备比较智能	1	1	1
205	3	智能的机器	1	1	1
206	3	让机器具有智能	1	1	1
207	3	机器像人一样	2	2	2
208	3	由人类研发出来的智能程序	1	1	1
209	3	用计算机来模仿人类处理问题	2	2	2
210	3	能够像人处理一些复杂事情的机器	1	1	1
211	3	机器能够像人一样具有一定的自主性	1	1	1
212	3	认为的使机器有按环境变化而行为的自由	0	0	0
213	3	仿生机器人	1	1	1
214	3	AI，利用计算机科学技术使机器拥有类似人类的思想	2	2	2
215	3	用机器电脑模拟人的行为	1	1	1
216	3	人工智能是用于研究、开发模拟、延伸和扩展人来的智能理论、方法、技术及因公系统的一门新的技术科学	2	2	2
217	3	人工给予机器完成工作的能力	0	0	0
218	3	电脑模拟人类处理问题	2	2	2
219	3	使机器拥有人的思想，但比人更加智能化	0	0	0
220	3	代替人类进行劳动的科学	0	1	1
221	3	人为制造出来的智能	1	1	1
222	3	让机器像人类一样思考	1	1	1
223	3	像人类一样思考、行事	2	2	2
224	3	人工设计的智能化设备	1	1	1
225	3	不是很清楚	0	0	0
226	3	让机器可以像人一样思考判断执行	2	2	2
227	3	人认为自己聪明	0	0	0
228	3	人工制造智能技术	1	1	1
229	3	不需要人工进行操作而完成人们的意愿	1	1	1
230	3	利用科学技术造出的人工的代替品	1	1	1
231	3	机器具有学习的能力，即智能，能模仿人思考学习，即人工智能	2	2	2
232	3	在人工的条件下，使机器具有思维闭环的能力	0	0	0
233	3	人工智能就是让机器去模仿人类，一起大道和人类大脑一样的智能水平	1	1	1
234	3	靠人去创造出有自主能力的智能体	2	1	1
235	3	是研究、开发用于模拟延伸和扩展人的智能的理论、方法、技术及应用系统的一门新的技术科学	2	2	2
236	3	研究用于模拟延伸和扩展人的智能的理论、方法、技术及应用系统的一门新的技术科学	2	2	2
237	3	是来自人创造的智慧功能	0	0	0
238	3	*	0	0	0
239	3	*	0	0	0
240	3	具有一定的识别、分析、自我调节的机器	0	0	0
241	3	用计算机来实现的功能	1	1	1
242	3	人类发明创造一些智能机器，来节省劳动力，推动社会发展	1	1	1
243	3	人为设计制造的满足生产生活的智能产品	1	1	1
244	3	机器自主判断	1	0	0
245	3	使计算机以人的思维方式认识并处理问题	1	1	1
246	3	现在都是人工智能	0	0	0
247	3	让机器去执行一些事情	1	1	1
248	3	智能化人工设备	1	1	1
249	3	*	0	0	0
250	3	有智商却不能取代人类	0	0	0
251	3	比人聪明的机器	0	0	0
252	3	有智商的机器	1	0	0
253	3	代替人类工作的智能机器	1	1	1
254	3	认为创造的带有智能的物品	1	1	1
255	3	具有先进智能化算法的科技。	1	1	1
256	3	非人工通过思考解决问题的过程	0	0	0
257	3	非人工通过思考解决问题的过程	0	0	0
258	3	由人类制造的拥有深度学习能力的程序	1	1	1
259	3	即利用高科技来代替人类完成智能行为。	1	1	1
260	3	与人类智能相似的一种计算机科学的分支。	1	1	1
261	3	人类研发的可以自主处理问题的智能系统	2	2	2
262	3	能对人类命令做出智能反应的程序。	0	1	1
263	3	是研究开发人的智能的技术。	0	0	0
264	3	具有学习能力的、智能的电脑	2	2	2
265	3	使计算机像人类一样有智能的学科	2	2	2
266	3	应用计算机创造出能模拟人类活动做出反应的机器	2	2	2
267	3	人为赋予计算机智能	1	1	1
268	3	人工智能是用计算机实现人类智能能做的工作。	2	2	2
269	3	具有自主学习能力的机器	2	2	2
270	3	机器代替人类行使人类较为复杂的工作	2	2	2
271	3	人工智能是用计算机编程语言实现人类智能做的工作。	1	1	1
272	3	通过一算法使计算机可以像人一样处理问题	2	2	2
273	3	能够模拟人的智能行为的计算机	2	2	2
274	3	人工智能就是能通过自我思考，为人类提供更人性化服务的机器人。	1	1	1
275	3	人工智能就是能通过自我思考，为人类提供更人性化服务的机器人。	1	1	1
276	3	计算机通过算法模仿人类 	2	2	2
277	3	人工智能是对人的意识与思维的模拟。	2	2	2
278	3	使计算机能以与人类智能相似的方式工作。	2	2	2
279	3	具有精妙算法程序的机器	1	1	1
280	3	通过人的编程控制，完成工作的机器	1	1	1
281	3	用计算机来模拟人类智力的某些活动。	2	1	1
282	3	由人制造的拥有部分或全部人的智能的机械	2	2	2
283	3	模拟人体的一些算法	1	0	0
284	3	通过算法让计算机拥有人类智能	2	2	2
285	3	将电脑赋予人的功能，受人操纵	1	1	1
286	3	利用机器模拟人的思维和意识	2	2	2
287	3	由程序控制，有自己的主观思维的物体	1	0	0
288	3	数据分析处理反馈程序	1	0	0
289	3	计算机通过大数据系统进行宏观的统计之后对特定的东西特定的处理	1	1	1
290	3	能够自己学习进化并且解决启发式方案的计算机就是人工智能。	2	2	2
291	3	使用计算机去做一些较简单的事情	1	1	1
292	3	使用计算机去做一些较简单的事情	1	1	1
293	3	人工制造的大脑	0	0	0
294	3	用计算机做到人类可以做的事。	1	1	1
295	3	人工智能是研究、模拟人的智能的一种技术	2	2	2
296	3	具有人类一些能力的应用。	1	1	1
297	3	按照设计的算法具有一定学习能力的程序	1	1	1
298	3	具有人类思维的机器	1	0	0
299	3	机器学习人类的思维。	1	1	1
300	3	一种能以相似于人类智能做出反应的机器	2	2	2
301	3	人利用机器去解决一些问题。	1	1	1
302	3	机器通过大量学习，形成近似于人类的思维。	2	2	2
303	3	能自主学习自主编程的技术。	0	1	1
304	3	就是拥有人的思维的机器	0	0	0
305	3	人的智慧用于机器为人类造福的技术	1	1	1
306	3	机器对人意识思维信息过程的模拟。	2	2	2
307	3	计算机拥有了自我学习的能力，代替部分劳动	2	2	2
308	3	可以自主学习思考并完成工作的意识形态。	1	0	0
309	3	利用计算机技术，模拟人类智能，希望可以让机器具有人类的一些能力，如图像识别等。	2	2	2
310	3	根据人为设置的算法从事简单工作。	0	0	0
311	3	是计算机科学的一个分支。	1	1	0
312	3	赋予机器与人类相似的智慧能力的技术科学。	2	2	2
313	3	可以模拟人类行为，能够自己思考的智能	2	2	2
314	3	机器按照情况执行不同的程序	0	0	0
315	3	扩展人的智能的一种新技术	1	1	1
316	3	用计算机模拟人类的智能	2	1	1
317	3	可以对数据进行学习并进步的机器	1	1	1
318	3	模仿人类智慧的程序。	1	1	1
319	3	计算机科学的一个分支	1	1	1
320	3	通过算法让机器自动执行一些复杂的问题。	1	1	1
321	3	利用高科技产品进行各项工作。	0	0	0
322	3	使计算机能做需要人类智能才能完成的工作。	1	1	1
323	3	帮助人类解决问题的算法程序。	0	0	0
324	3	研究、开发用于以前只有人类所拥有的智能。	2	2	2
325	3	机器人代替人类工作。	2	1	1
326	3	结合计算机技术和人类智慧的一门科学	1	1	1
327	3	人类创造的高于人类的智能	0	0	0
328	3	人工智能就是研究如何使计算机去做过去只有人才能做的智能工作	2	2	2
329	3	人为制造出来的便于人生活的技术。	0	0	0
330	3	说不清楚	0	0	0
331	3	是一种模拟人类的智能科学技术。	2	2	2
332	3	人类创造的能代替人类活动的程序，机器	2	2	2
333	3	通过深度学习让机器拥有像人类一样的智慧	1	1	1
334	3	由人创造的智能处理系统	1	1	1
335	3	可以实现机器像人一样思考并作出反应。	2	2	2
336	3	人工智能是一项赋予计算机识别人的外貌声音等功能的科学技术。	1	1	1
337	3	能以人类的方式对外界的行为做出反应	0	0	0
338	3	用编程语言实现机器的自动化交互性操作	0	0	0
339	3	能应用启发式方案解决问题的机器。	1	0	0
340	3	它是使事情趋于轻松化的学科	0	0	0
341	3	使电子产品有人的某方面能力	1	0	0
342	3	是让机器人像人一样处理问题	2	2	2
343	3	通过机器模拟人类智能的技术	2	2	2
344	3	用编程语言实现机器的自动化交互性操作	0	0	0
345	3	通过图灵测试的机器被认为具有人工智能	2	2	2
346	3	是机器实现类人的理性的行为和思考	2	2	2
347	3	通过人类的一些程序设计使得机器进行类似于人类的智慧的一种技术	2	2	2
348	3	人为生产出具有人的思维的智能机器。	2	2	2
349	3	使机器可以像人类一样思考和学习	2	2	2
350	3	机器能像人类进行思考，处理问题。	2	2	2
351	3	将计算机科技运用于生活中。	0	0	0
352	3	计算机的一门学科，目的是使计算机拥有类似人的思考能力	2	2	2
353	3	虚拟出来能够自己思考的机器智能	1	1	1
354	3	是一种模拟人类的智能科学技术。	2	2	2
355	3	用于模拟人的智能的新技术科学。	2	2	2
356	3	不需要人为操作的机器	0	0	0
357	3	它是研究、开发用于方便生活的一门新的技术科学。	0	0	0
358	3	研究、开发用于以前只有人类所拥有的智能。	1	0	1
359	3	是研究、开发用于模拟、延伸和扩展人的智能的理论、方法、技术及应用系统的一门新的技术科学	2	2	2
360	3	研究计算机模拟人的思维过程和智能行为的学科	2	2	2
1	4	机器能直接看懂并使用的语言	0	0	0
2	4	人类形成习惯，使用的语法，语义	1	1	1
3	4	自然地随文化演变的语言	2	2	2
4	4	人类用于日常交流的语言	2	2	2
5	4	生物之间交流用的主要语言。	1	1	1
6	4	生活中的交流语言	1	2	2
7	4	社会中人与人交际所说的语言	2	2	2
8	4	人们日常交流的语言。	2	2	2
9	4	日常使用的语言	1	2	2
10	4	自然语言是人类日常表达使用的语言	2	2	2
11	4	能够被识别的语言	0	0	0
12	4	在自然条件下形成的能够传递信息的需要。	1	1	1
13	4	人类在日常交流中使用的语言，没有机器语言严谨	2	2	2
14	4	社会生活中的语言	1	2	2
15	4	人类使用的语言	2	2	2
16	4	自然语言通常是指人类的语言	2	2	2
17	4	自然界用于交流的工具	0	1	0
18	4	日常使用的语言	2	2	2
19	4	人类的语言	2	2	2
20	4	人类普遍用于交流的语言	2	2	2
21	4	能让人们进行无障碍交流，明白彼此意图的工具	1	1	1
22	4	人们之间沟通交流的语言，形式不一。	2	2	2
23	4	人类发展过程中的任意一门交流语言	2	2	2
24	4	人类之间用于交流的语言	2	2	2
25	4	生活中人们用来交流的语言	2	2	2
26	4	自然语言是日常生活中人们所说的语言。	2	2	2
27	4	人与人之间交流用的语言。	2	2	2
28	4	我们人平时说的语言，先有语言后有系统研究这门语言	2	2	2
29	4	人类为计算机而设计的语言	0	0	0
30	4	人们交流学习的语言	2	2	2
31	4	自然语言就是类似于汉语英语等语言	2	2	2
32	4	自然界的动物交流使用的语言	2	2	2
33	4	正常生活交往沟通中实用的语言	2	2	2
34	4	最基本的交流信号	1	1	1
35	4	现实中人之间交流的语言	2	2	2
36	4	日常生活中用到的语言	1	1	1
37	4	自然形成的语言	2	2	2
38	4	人类史上的语言	2	2	2
39	4	自然形成的语言	2	2	2
40	4	我们平时说的语言	2	2	2
41	4	自然的语言	1	0	1
42	4	融合数学、计算机和人类语言的语言	0	0	0
43	4	大部分人常用的语言	2	2	2
44	4	所使用的语言	1	1	1
45	4	人类使用的语言，例如汉语，英语，是人类交流和思考的工具。	2	2	2
46	4	沟通时所依赖的信息媒介	1	1	1
47	4	生活中交流用的语言。	2	2	2
48	4	是人类日常使用的语言。	2	2	2
49	4	人类演化进程中用于交流的语言	2	2	2
50	4	计算机可以识别的语言，类似人的语言	0	0	0
51	4	人类逐渐进化，自然产生的语言。	2	2	2
52	4	一种自然地随文化演化的语言。	2	2	2
53	4	各民族长期文化发展起来的交流语言以及编程语言等。	1	1	1
54	4	被用于人与人之间交流的语言	2	2	2
55	4	自然的语言	1	0	0
56	4	自然界存在的语言	2	2	2
57	4	自然界的原始语言	2	2	2
58	4	最初始的语言，是指用图画来表现物体的语言。	0	1	1
59	4	在日常生活中交流用的语言	2	2	2
60	4	人们在日常生活中普遍使用的语言	2	2	2
61	4	人类自然生活中使用的语言	2	2	2
62	4	*	0	0	0
63	4	通用的语言	1	1	1
64	4	形成较为自然的语言。	1	1	1
65	4	人类进化中形成的自然的语言	2	2	2
66	4	各国语言与人类能够知晓含义的固定表达	2	2	2
67	4	文字叙述或说明	1	1	1
68	4	人类的本族语，非人造语言	2	1	1
69	4	生物的各种行为与声音	1	1	1
70	4	自然形成的语言	2	2	2
71	4	大自然中存在的语言	2	2	2
72	4	某个地域产生的方言	1	1	1
73	4	人类可以理解的语言。	0	1	1
74	4	人类说的，不能被计算机识别的语言	1	1	1
75	4	*	0	0	0
76	4	人类自己的种族语言	2	2	2
77	4	自然产生的语言	2	2	2
78	4	最简单的语言	0	0	0
79	4	简单易懂的描述性行为	0	0	0
80	4	通常是指一种自然的随文化演化的语言	2	2	2
81	4	在人类发展过程中产生的语言。	2	2	2
82	4	在漫长历史中形成的语言	2	2	2
83	4	自然语言是人和其他的事物或机器交流的方式所用的语言。	2	2	2
84	4	自然语言是进化过程中自然产生的语言。	2	2	2
85	4	随文化演化的语言。	2	2	2
86	4	用于交流的介质。	0	0	0
87	4	随自然演变的语言。	2	2	2
88	4	自然地随文化演变的语言	2	2	2
89	4	不知道	0	0	0
90	4	自然语言是动物在自然进化中形成的一种用来沟通的语言。	2	2	2
91	4	能编程的语言	0	0	0
92	4	机器语言	0	0	0
93	4	日常生活中使用的语言	2	2	2
94	4	自然语言通常是指一种自然地随文化演化的语言。	2	2	2
95	4	人类交流时使用的语言	2	2	2
96	4	人类交流所用的语言	2	2	2
97	4	自然的社会生产实践中产生，人类之间相互交流的语言	2	2	2
98	4	平时日常交流的语言	2	2	2
99	4	应该是人类之间交流所经常使用的语言	2	2	2
100	4	人类的语言	2	2	2
101	4	贴近生活的语言	1	0	0
102	4	人类在历史中逐渐创作并应用的语言	2	2	2
103	4	十分自然的语言	0	1	0
104	4	人们交流发声用的语言	2	2	2
105	4	人使用的语言	2	2	2
106	4	自然的随文化演变出来的语言。	2	2	2
107	4	自然语言是人类创造的文字，人类能直接识别的语言	2	2	2
108	4	随着社会发展，人类自己规定的一套语言。	2	2	2
109	4	人类互相交流使用的语言文字	2	2	2
110	4	不是很清楚	0	0	0
111	4	可以口头交流的	0	1	1
112	4	人类平常交流所用语言	2	2	2
113	4	自然地随文化演化的语言	2	2	2
114	4	通过用简单的叙述语言来解释回答相关的问题	0	0	0
115	4	我们平常说的话	2	2	2
116	4	自然的语言	2	2	2
117	4	自然存在的可以用语言表达出来的信息。	2	2	2
118	4	人类平时用的语言	2	2	2
119	4	一种自然地随文化演化的语言。	2	2	2
120	4	用于人们日常交流使用的语言。	2	2	2
121	4	生活中人类自然交流所用的语言	2	2	2
122	4	自然语言通常是指一种自然地随文化演化的语言	2	2	2
123	4	自然语言就是指我们日常交流中所用的语言，如汉语。	2	2	2
124	4	人类社交交流的工具	1	1	1
125	4	人们日常使用的语言	2	2	2
126	4	自然地随文化演化的语言	2	2	2
127	4	自然界的语言	2	2	2
128	4	生物界的一种沟通交流的方式	1	1	1
129	4	一种自然地随文化演化的语言	2	2	2
130	4	是指一种自然地随文化演化的语言。	2	2	2
131	4	自然语言是自然地随文化而演化的语言	2	2	2
132	4	人说的话就是自然语言	2	2	2
133	4	自然语言通常是指一种自然地随文化演化的语言。	2	2	2
134	4	自然形成的语言	2	2	2
135	4	人与机器之间实现交流	0	0	0
136	4	自然生成的语言	2	1	1
137	4	日常生活中人类使用的语言	2	2	2
138	4	自然的随文化演变过来的	2	2	2
139	4	人类历史文化发展过程中自然形成的语言。	2	2	2
140	4	随着人类文化发展而自然演变的语言	2	2	2
141	4	随着历史发展产生、被人类用来交流的语言。	2	2	2
142	4	用于描述现实中的事物的语言，声音的表示，色彩的表示等	0	0	0
143	4	现实生活中声音、图像等。	1	1	1
144	4	人类自然发展使用的语言	2	2	2
145	4	人类之间自然演变产生的语言。	2	2	2
146	4	各种自然界使用的语言。	2	2	2
147	4	人类平时说话交流用的需要	2	1	1
148	4	人们交流用的语言	2	2	2
149	4	情之所发，言之所达。	0	0	0
150	4	人类说出的用于交流的语言。	2	2	2
151	4	人与机器进行有效操作的语言	0	0	0
152	4	很自然的正常表达，非严格的形式化的语言	1	2	2
153	4	机器能直接看懂并使用的语言	0	0	0
154	4	人类形成习惯，使用的语法，语义	2	2	2
155	4	自然地随文化演变的语言	2	2	2
156	4	人类用于日常交流的语言	2	2	2
157	4	生物之间交流用的主要语言。	2	1	1
158	4	生活中的交流语言	2	2	2
159	4	社会中人与人交际所说的语言	2	2	2
160	4	人们日常交流的语言。	2	2	2
161	4	日常使用的语言	2	2	2
162	4	自然语言是人类日常表达使用的语言	2	2	2
163	4	能够被识别的语言	0	0	0
164	4	在自然条件下形成的能够传递信息的需要。	2	2	2
165	4	人类在日常交流中使用的语言，没有机器语言严谨	2	2	2
166	4	社会生活中的语言	2	2	2
167	4	人类使用的语言	2	2	2
168	4	就是我们日常生活中所说的语言。	2	2	2
169	4	自然界中为了交流而产生的语言	2	2	2
170	4	自然界中为了交流而产生的语言	2	2	2
171	4	人类说的语言,大自然的语言	2	2	2
172	4	世间万物沟通的语言介质。	2	1	1
173	4	天生的语言，各国语言，区别于编程语言等。	2	2	2
174	4	自然语言通常是指一种自然地随文化演化的语言。	2	2	2
175	4	人所表述的语言。	2	2	2
176	4	用来表述问题或者解决问题的一种承载媒介	1	1	1
177	4	日常使用的用于交流的语言	2	2	2
178	4	自然演化的语言	2	2	2
179	4	人们日常生活普遍使用的语言	2	2	2
180	4	人类日常用的语言	2	2	2
181	4	自然语言是指一种自然地随文化演化的语言	2	2	2
182	4	人们日常行为习惯中所使用的语言（包括声音、文字、动作等）	2	2	2
183	4	人类语言	2	2	2
184	4	计算机语言	0	0	0
185	4	通俗易懂的大众容易接受的天然概念	0	0	0
186	4	非二进制机器语言	0	0	0
187	4	非二进制机器语言	0	0	0
188	4	自然形成的语言	2	2	2
189	4	人文社会中自然形成的语言，用于学习和工作	2	2	2
190	4	鸟语？	0	0	0
191	4	不知道	0	0	0
192	4	人们用来沟通交流的语言	2	2	2
193	4	自然存在的语言，汉语、英语	2	2	2
194	4	大自然的信息传递方式	1	1	1
195	4	自然而然的语言	1	1	1
196	4	人与人交流的语言	2	2	2
197	4	人类语言	2	2	2
198	4	一种自然地岁文化演化的语言	2	2	2
199	4	自然界统一的语言	0	0	0
200	4	由生物自然而发不加修饰的语言	2	2	2
201	4	一种通俗易懂的源程序	0	0	0
202	4	自然语言是随地域和文化发展形成的语言	2	2	2
203	4	比较自然的语言就是自然语言	0	0	0
204	4	不需要学习的语言	0	0	0
205	4	人说的话	2	2	2
206	4	不知道	0	0	0
207	4	最初始的计算机语言	0	0	0
208	4	人类互相交流使用的语言	2	2	2
209	4	自然界发出的信号	1	0	0
210	4	自然存在的语言	2	2	2
211	4	本能表述	0	1	1
212	4	计算机能识别分析的语言	0	0	0
213	4	自然地随文化而来的语言	2	2	2
214	4	物、人与人之间交流的规则	0	0	0
215	4	是描述自然地语言、时自然形成的语言	1	1	1
216	4	自然人说的语言	2	2	2
217	4	自然界中沟通的语言	2	2	2
218	4	一种自然地随文化演化的语言	1	2	2
219	4	人类平时交流和使用的语言	2	2	2
220	4	能够交流的语言	0	0	0
221	4	计算机能识别的语言	0	0	0
222	4	能够表达意思的语言	0	0	0
223	4	符合人类逻辑的语言	0	0	0
224	4	大自然鬼斧神工，使你想到自然语言四个字的皆为自然语言	0	0	0
225	4	人类交流使用的包含一定语言信息的语言	2	2	2
226	4	不知道	0	0	0
227	4	语言学、计算机科学、数学于一体的科学	0	0	0
228	4	汉语、英语、C语言、java	0	0	0
229	4	人类的语言	2	2	2
230	4	易于为人理解，通过编码才能被硬件理解的编程语言	0	0	0
231	4	完成的表达句子	0	0	0
232	4	自然语言是指语言、文本等语言	1	1	1
233	4	世界上所存在的各种语言和文字	1	1	1
234	4	它是客观事物及其发展规律的自我认识能力、反映形式、链接手段、组织方法与表达方式的总体认识与综合概述	0	0	0
235	4	它是客观事物及其发展规律的自我认识能力、反映形式、链接手段、组织方法与表达方式的总体认识与综合概述	0	0	0
236	4	是随着社会发展不断进步的语言	0	0	0
237	4	人们平时说的语言文字	2	2	2
238	4	人类说的话	2	2	2
239	4	人的口语、书写语言	2	2	2
240	4	自然语言指和音频相关的理论知识	0	0	0
241	4	一种编程语言，更好更方便地实现某些算法或功能	0	0	0
242	4	人们平时用于交流沟通的语言	2	2	2
243	4	非自然创造	0	0	0
244	4	人与人交流的方式	1	0	1
245	4	不清楚，不知道怎样表达	0	0	0
246	4	逐渐演化的语言，而非后期人工制造	2	2	2
247	4	自然说的语言	2	1	1
248	4	*	0	0	0
249	4	懂的欣赏大自然的人自然懂	0	0	0
250	4	自然界的语言	2	2	2
251	4	人类日常生活的语言	1	1	1
252	4	人类演变形成的语言	2	2	2
253	4	自然随文化演化的语言	2	2	2
254	4	自然变化中逐渐演变的语言	2	2	2
255	4	日常生活中交流使用的语言。	2	2	2
256	4	自然界生物与生物间交流的媒介	1	1	1
257	4	就是人类能'使用'的语言	1	1	1
258	4	人来在长期实践中产生的语言	2	2	2
259	4	人类之间可以进行交流的语言。	2	2	2
260	4	人类互相的交流传达的信息。	1	1	1
261	4	自然界的语言	2	2	2
262	4	自然衍生出的交流语言，基本语言。	2	2	2
263	4	人与计算机之间能够交流的方法。	0	0	0
264	4	人与人之间的语言	2	2	2
265	4	我们日常所讲的语言	2	2	2
266	4	一种随文化而发展演化的语言	2	2	2
267	4	历史文化流传下来的语言	2	2	2
268	4	自然演化来的语言，例如汉语	2	2	2
269	4	日常生活中交流所用的语言。	2	2	2
270	4	符合人类语言习惯的语言	2	1	1
271	4	自然地演化而来的语言，例如汉语	2	2	2
272	4	在人类发展的历程中约定俗成的语言	2	2	2
273	4	一种自然地随文化演化的语言	2	2	2
274	4	自然语言就是人类之间沟通所用的语言。	2	2	2
275	4	自然语言就是人类之间沟通所用的语言。	2	2	2
276	4	人们日常交流用的语言	2	2	2
277	4	用于交流的语言。	1	1	1
278	4	自然演化出的语言。	2	2	2
279	4	通俗易懂的编程语言	0	0	0
280	4	人类之间用于沟通的语言	2	2	2
281	4	用于交流的一项工具。	1	0	0
282	4	人类生活所用的语言	2	2	2
283	4	自然界中动物的语言	2	1	1
284	4	自然的随文化演变的语言	2	2	2
285	4	自然形成的有关文化思想的语言	2	2	2
286	4	随着时代的演进逐渐产生并不断改进流传的语言。 	2	2	2
287	4	自然形成的有关文化思想的语言	2	2	2
288	4	客观定理与规律	0	0	0
289	4	为了达到某一目的而产生的语言交流工具	1	1	1
290	4	我们人所使用的语言就是自然语言	2	2	2
291	4	人类的语言	2	2	2
292	4	人类的语言	2	2	2
293	4	平常用的语言	2	2	2
294	4	人类日常生活中的交流语言。	2	2	2
295	4	人们日常使用的语言	2	2	2
296	4	易于理解用于信息交流的语言。	1	0	0
297	4	即自然的	1	0	0
298	4	人类经过长期积累获得的交流工具	1	1	1
299	4	人类使用的。可以自由组织的语言。	2	2	2
300	4	生命发展中自我演变出的语言	2	2	2
301	4	在自然界中，万物相互交流的媒介、方式。	1	1	1
302	4	人类在发展中形成的可以自由组织的语言。	2	2	2
303	4	自然存在的语言，不是人造的	2	2	2
304	4	通过人们的长期积累而产生的交流工具	1	1	1
305	4	人类发展中自然形成的一门语言	2	2	2
306	4	用计算机来处理理解运用人类语言的过程。	0	0	0
307	4	用通俗易懂的语言描述编程语言	0	0	0
308	4	属于自然之中的沟通语言。	2	2	2
309	4	就是我们平时用的语言，描述性的文字。	2	2	2
310	4	非计算机的用于人类交流的语言。	2	1	1
311	4	指一种自然地随文化演化的语言。	2	2	2
312	4	自然存在的语言，不是人造的	2	2	2
313	4	自然中传递某种信息的工具	1	1	1
314	4	自然的随文化演变的语言。	2	2	2
315	4	一种自然随文化演化的语言	2	2	2
316	4	人类间进行交流使用的语言	2	2	2
317	4	自然界固然存在的语言	2	2	2
318	4	自然地演化而成的语言。	2	2	2
319	4	人类用于交流的语言	2	2	2
320	4	不需转换，人类便能直接用来交流的语言。	1	1	1
321	4	人人都能理解并且能表达出的语言。	2	2	2
322	4	人类使用的语言。	2	2	2
323	4	人类交流使用的语言。	2	2	2
324	4	人类使用的语言。	2	2	2
325	4	自然地随文化发展的语言。	2	2	2
326	4	人类可以进行自由交流的语言	2	2	2
327	4	人类说的语言	2	2	2
328	4	就是人类语言	2	2	2
329	4	人与人，动物与动物之间交流的语言。	2	2	2
330	4	像我们现在回答问题用的就是自然语言	1	1	1
331	4	自然的随着文化演化的语言。	2	2	2
332	4	人类使用的语言。	2	2	2
333	4	人类之间交流所用的语言	2	2	2
334	4	自然生成的语言	2	1	1
335	4	人创造并便于人理解的语言。	2	2	2
336	4	天然形成的语言，交流更方便，不受障碍	2	2	2
337	4	自然随文化演变的语言	2	2	2
338	4	非编程语言	1	0	0
339	4	能表达想法的交流工具。	1	0	0
340	4	人们所说的语言	2	2	2
341	4	自然出现的语言	2	1	1
342	4	自然语言是人类的语言	2	2	2
343	4	随时代的进步自然而然演化出来的语言	2	2	2
344	4	随文化演化的语言	2	2	2
345	4	人类在生活中使用的语言方式	2	2	2
346	4	人类日常交流使用的语言	2	2	2
347	4	一种自然的随文化演化的语言	2	2	2
348	4	随文明的发展而发展的语言。	2	2	2
349	4	机器之间进行交流的语言	0	0	0
350	4	就是自然的语言，随文化的不同而不同。	2	2	2
351	4	自然而然随文化演变出来的语言。	2	2	2
352	4	在文化演进中自然形成的语言	2	2	2
353	4	人类日常说话所使用的语言	2	2	2
354	4	自然的随着文化演化的语言。	2	2	2
355	4	一种自然的随文化演化出现的语言	2	2	2
356	4	随着文化演化产生发展的语言	2	2	2
357	4	自然的随文化发展逐步发展的用于交流的工具。	1	1	1
358	4	人类使用的语言。	2	2	2
359	4	自然语言通常是指一种自然地随文化演化的语言。	2	2	2
360	4	通常是指一种自然地随文化演化的语言。	2	2	2
1	5	据外界行为来调整自身适应变化，产生更多新功能。	1	0	0
2	5	机器通过分析大量数据，获得共性的过程	1	1	1
3	5	研究计算机怎么模拟和实现人的行为	0	0	0
4	5	机器总结大量数据，从中找出规律	1	2	2
5	5	计算机能自己学习东西。	1	1	1
6	5	机器可以通过现有数据在算法中提升能力	2	2	2
7	5	在有大量数据的前提下训练机器，使其掌握某种能力	1	2	2
8	5	机器通过大量数据的分析得出一定规律的过程。	2	2	2
9	5	通过一次次得知结果，总结规律	0	0	0
10	5	机器学习是让机器训练获得解决问题的方法	1	1	1
11	5	机器可以通过自身去学习	2	2	2
12	5	机器不通过他人帮助，自主学习的技能。	1	1	1
13	5	向机器提供一组数据让其学习，使其能通过这组数据的特性来处理其他数据	2	2	2
14	5	分为监督学习和非监督学习	1	1	1
15	5	机器通过自主学习成长	2	2	2
16	5	机器通过相应的学习方法	1	1	1
17	5	机器像人类一样自主学习	1	1	1
18	5	就是让机器通过数据分析学习到某些道理，建立数据模型解决问题 	2	2	2
19	5	让机器像人类一样不断自己学习，自己改良。	2	2	2
20	5	机器模仿学习人类思维，建立模型	2	2	2
21	5	对人类学习方式的模拟，研究如何通过经验，不断优化算法	0	0	0
22	5	机器通过分析更多的数据而拥有更多的能力	2	2	2
23	5	机器能够通过大量的数据进行分析并最终能够掌握其中的知识。	2	2	2
24	5	通过算法让机器模仿各种事务。	1	1	1
25	5	机器通过许多数据来获取数据特征并抽象数据特征	2	2	2
26	5	让机器模仿学习人类的活动和智慧	1	1	1
27	5	模拟人的行为，获取新的知识	1	1	1
28	5	根据已有的数据找到一个算法(模型)，使之能够根据算法预测新的值	2	2	2
29	5	用某种算法以及大量的数据让机器学会对某个问题的判断	2	2	2
30	5	机器能够自主学习事先未设计的功能	2	2	2
31	5	机器会根据现有情况进行分析和总结	2	2	2
32	5	机器通过现有资料分析计算得出规律并应用	2	2	2
33	5	机器和人一样自主学习新知识	2	1	1
34	5	让机器自己去学习	1	1	1
35	5	计算机模拟实现人的行为	1	1	1
36	5	与人工智能有关的学习	0	0	0
37	5	机器能像人一样学习	1	1	1
38	5	机器自己去学习	1	2	1
39	5	用计算机模拟人类的学习能力	1	1	1
40	5	机器通过数据分析给出解决问题的方法	2	2	2
41	5	让机器向人一样的学习	1	1	1
42	5	计算机模拟和实现人类的学习行为。	1	1	1
43	5	分析大量数据得到分析结果后再对新的数据进行结果预测	2	2	2
44	5	机器通过学习掌握新知识。	1	1	1
45	5	计算机通过算法进行知识的储备。	1	1	1
46	5	机器自身进行优化的过程，使机器能更好的完成任务。	2	2	2
47	5	计算机通过经验积累对程序进行优化，不断完善	2	2	2
48	5	机器自己学习算法。	1	1	1
49	5	是一门多领域交叉学科，涉及概率论、统计学、逼近论、凸分析、算法复杂度理论等多门学科。	1	1	1
50	5	机器通过大量数据的训练自动改进自己算法等。	2	2	2
51	5	机器在已有知识的基础上，不断改进自己	2	2	2
52	5	机器自己去学习	1	2	2
53	5	机器对数据的整理归纳并进行记忆	1	1	1
54	5	向机器中输入和存储数据	1	0	0
55	5	通过使用机器，例如计算机等等的学习就叫机器语言	0	0	0
56	5	机器通过多次的分析而改进算法	2	2	2
57	5	机器被算法控制进行的学习	2	2	2
58	5	训练机器能力	1	1	1
59	5	*	0	0	0
60	5	机器自己通过资料识别提取有利于自己的知识为自己所用	2	2	2
61	5	不加思考的经验式学习	0	0	0
62	5	机器不加思考的运算	0	0	0
63	5	通过大量练习获得完成任务能力的过程	2	2	2
64	5	机器按0 1进行运行或计算	0	0	0
65	5	计算机不加思维的进行学习	0	0	0
66	5	通过操作机器进行学习	1	1	1
67	5	计算机自主学习	1	1	1
68	5	机器练习或者通过写入程序使其工作	1	1	1
69	5	利用编程指导机器的运转	0	0	0
70	5	计算机通过大量数据分析实现自我提升。	2	2	2
71	5	给机器输入程序并不断练习使其掌握某项技能	2	2	2
72	5	*	0	0	0
73	5	使机器像人类一样学习和思维	2	2	2
74	5	机器通过大量的训练，使得对处理某个问题能力提高	2	2	2
75	5	最简单的没有思考的重复操作	0	0	0
76	5	通过一定的循环学习从而达到的创新行为	1	0	0
77	5	通过不断重复，使机器具有类似于人的思考能力	2	2	2
78	5	机器在一定的程序设定下对事件的自主学习。	2	2	2
79	5	生硬地将知识记住	0	0	0
80	5	机器学习就是向机器内输入大量的数据或例子让机器总结出规律，进行学习，可以通过超级多的例子来进行对比，从而得出规律。	2	2	2
81	5	机器学习是一种机械的学习方式。	0	0	0
82	5	用计算机模拟实现人的学习行为。	0	0	0
83	5	使用机器学习人的思维与行为	1	0	0
84	5	研究计算机模拟实现人的学习行为获取新技能	2	2	2
85	5	交叉学科，使机器学习模拟人的行为	1	1	1
86	5	给机器输入程序。	0	0	0
87	5	计算机通过学习实现人类的学习行为。	2	2	2
88	5	涉及多领域的交叉学科	0	0	0
89	5	不知道	0	0	0
90	5	机器学习是将数据导入到机器的储存机制中。	0	0	0
91	5	机器通过代码达到学习的程度	1	1	1
92	5	不涉及条件	0	0	0
93	5	给机器输入数据	0	0	0
94	5	*	0	0	0
95	5	对信息的处理统计	0	0	0
96	5	机器对大量数据进行分析处理	1	1	1
97	5	机器获得知识	1	1	1
98	5	通过大量的联系达到掌握技能的目的	0	0	0
99	5	可能是机器按照程序对未知的信息进行获取	1	1	1
100	5	用于研究计算机怎么模拟人类行为的	0	0	0
101	5	机器的自我学习	1	1	1
102	5	机器按照已有的程序获得更多	1	1	1
103	5	机器自己的学习	1	1	1
104	5	让机器进行自主学习	1	1	1
105	5	*	0	0	0
106	5	用机器来学习。	0	1	1
107	5	*	0	0	0
108	5	机器通过一定的程序规则等学习一些人类教给机器的。	1	1	1
109	5	机器通过某种方法获得更多能力	2	2	2
110	5	*	0	0	0
111	5	让机器学习	1	1	1
112	5	计算机学习东西	2	1	1
113	5	让机器通过数据学习	2	2	2
114	5	导入程序代码使机器运行并深入学习	1	1	1
115	5	通过算法使机器拥有自学习的能力	2	2	2
116	5	让机器进行学习	1	1	1
117	5	机械的单一训练学习，无法扩散学习。	0	0	0
118	5	机器进行自主学习	2	2	2
119	5	是计算机具有人工智能的一种途径。	1	1	1
120	5	经过相应的训练，基于概率基础做出判断。	0	0	0
121	5	从过往的经验中学习新知识的过程	1	1	1
122	5	机器学习是一门多领域交叉学科	1	0	0
123	5	就是研究计算机怎样模拟或实现人类的学习行为。	2	2	2
124	5	通过训练使机器能够掌握复杂功能的方法	2	2	2
125	5	机器能够通过模拟人类的学习行为改善自身性能。	2	2	2
126	5	研究计算机模拟人类的学习行为，不断改善自身的性能。	2	2	2
127	5	用机器解决凸优化	0	0	0
128	5	用大量的数据来训练出自己想要的模型结果	2	2	2
129	5	模拟或实现人类的学习，不断地完善自己	1	1	1
130	5	机器学习是一种能够赋予机器学习的能力以此让它完成直接编程无法完成的功能的方法。	2	2	2
131	5	研究计算机如何模拟或实现人类学习行为。	1	1	1
132	5	靠大量数据堆起来的概率模型	1	0	0
133	5	专门研究计算机模拟人类以获取新的知识。	1	1	1
134	5	机器模拟人的思考模式进行学习	1	1	1
135	5	机器实现人的学习能力	1	0	0
136	5	计算机模拟或实现人类的学习行为，使自己获得新的知识	2	2	2
137	5	使机器通过大量数据训练来解决类似问题	2	2	2
138	5	机器能根据已有的数据推出未有数据	2	2	2
139	5	通过训练使系统能模拟类人的学习行为。	2	2	2
140	5	通过大量数据学习来不断完善算法的方法	2	2	2
141	5	使机器能自发地从活动里获得经验并改善其活动。	2	2	2
142	5	机器学习人的思维模式可以解决问题。	1	1	1
143	5	机器学习人的思维模式进行思考和学习。	1	1	1
144	5	让机器自己练习积累经验的行为	1	1	1
145	5	机器利用已有数据不断处理更新自己。	2	2	2
146	5	通过事件的输入，机器会自己处理类似的事件。	1	1	1
147	5	通过模型训练机器，使其能够自我完善。	2	2	2
148	5	计算机通过输入的数据进行学习进化	2	2	2
149	5	给机器数据，让机器从数据中发现规律，尽可能实现自觉。	2	2	2
150	5	学习现象，做出决策。或者自动分类某种现象。	0	0	0
151	5	机器模拟人类实现人类的行为	0	0	0
152	5	通过大量的标注数据对机器基于模型进行训练	1	2	2
153	5	据外界行为来调整自身适应变化，产生更多新功能。	0	0	0
154	5	机器通过分析大量数据，获得共性的过程	1	2	2
155	5	研究计算机怎么模拟和实现人的行为	1	1	1
156	5	机器总结大量数据，从中找出规律	1	1	1
157	5	计算机能自己学习东西。	2	1	1
158	5	机器可以通过现有数据在算法中提升能力	2	2	2
159	5	在有大量数据的前提下训练机器，使其掌握某种能力	1	1	1
160	5	机器通过大量数据的分析得出一定规律的过程。	2	2	2
161	5	通过一次次得知结果，总结规律	0	0	0
162	5	机器学习是让机器训练获得解决问题的方法	1	1	1
163	5	机器可以通过自身去学习	1	1	1
164	5	机器不通过他人帮助，自主学习的技能。	1	1	1
165	5	*	0	0	0
166	5	分为监督学习和非监督学习	1	1	1
167	5	机器通过自主学习成长	1	1	1
168	5	就是使机器通过算法和程序去学习人类的思维能力和认知能力。	1	2	2
169	5	机器可以吸收学习新知识而更智能	2	2	2
170	5	"机器可以吸收学习新知识而更智能"	2	2	2
171	5	连机器也要学习了,狠心的人类!	0	0	0
172	5	机器通过事例不断找到内在的不足从而学习提高。	2	2	2
173	5	基于数据集让机器根据算法自行学习。	2	2	2
174	5	*	0	0	0
175	5	机器多次重复学习以后能推导未知的内容。	2	1	1
176	5	通过指令让机器完成某种机能且记忆这个过程	0	0	0
177	5	通过数据训练计算机，使它像人一样获得知识	1	1	1
178	5	不知道	0	0	0
179	5	通过模型训练使机器学习并具备人的思维。	1	0	0
180	5	机器像人类一样学习	0	0	0
181	5	一门多领域的交叉学科，是AI的核心	1	0	0
182	5	计算机按照人类思路进行学习	1	0	0
183	5	机器模仿人类学习的方式	0	1	1
184	5	不知道	0	0	0
185	5	依据人类定义的规则，对一类未知问题的处理	0	0	0
186	5	*	0	0	0
187	5	人工智能前身	0	0	0
188	5	学习的机器	0	0	0
189	5	让机器模仿人类进行学习	2	2	2
190	5	学习人类知识，机器学人说话	1	1	1
191	5	可用于人工智能，利用数据对网络进行训练来自动识别某种物体，这个学习过程叫机器学习。	2	2	2
192	5	机器通过识别物体相似特征，进行识别	2	2	2
193	5	机器自主学习归纳，人工智能的核心	2	2	2
194	5	机器自主学习及问题的方法	1	1	1
195	5	计算机怎么模拟人的学习	1	1	1
196	5	让机器模拟人的方式进行识别	1	1	1
197	5	*	0	0	0
198	5	研究计算机怎样模拟或实现人类的学习行为	1	0	0
199	5	机器自己学习一些指令处理类似的情况	0	0	0
200	5	研究让计算机模拟人类的学习行为	1	0	0
201	5	机器感知人或物的行为进行学习	1	1	1
202	5	认为训练机器程序学习的认为行为	0	0	0
203	5	让机器有自己学习的能力	2	2	2
204	5	机器通过软件不断学习来提高自身性能	2	2	2
205	5	给机器上课	0	0	0
206	5	不知道	0	0	0
207	5	计算机的逻辑运算优化	0	0	0
208	5	机器通过大量实际案例来优化自设的能力	2	2	2
209	5	机器能够不断的识别认识自己所做的事物	1	0	0
210	5	机器用程序去记忆一些东西，对自身做一些改进	1	0	0
211	5	机器储存行为模式的过程	0	0	0
212	5	计算机通过大量训练达到某种认为设定能力	2	2	2
213	5	利用计算机科学技术让机器获得人类的行为或思想	1	1	1
214	5	通过计算机模拟人类大脑的思考方式	1	0	0
215	5	机器学习是一门多领域交叉学科，涉及数学、计算机等多科，是人工智能的核心，是使计算机具有智能的根本途径。	2	2	2
216	5	使机器自主完成某种任务	1	1	1
217	5	电脑学习训练	1	1	1
218	5	一门多领域交叉的学习	0	0	0
219	5	利用计算机进行分类的算法	1	0	0
220	5	让机器像人一样学习思考	2	1	1
221	5	通过提取数据特征，让计算机学到某些规律	2	2	2
222	5	一种能够通过不断学习而逐渐提高能力的一个系统	2	2	2
223	5	使机器像人类大脑的学习模式来自主学习一些技术	2	2	2
224	5	不知道	0	0	0
225	5	让机器通过训练大道执行某种任务的能力	1	1	1
226	5	不知道	0	0	0
227	5	计算机模拟实现人类行为	1	1	1
228	5	依据经验不断对自己的算法优化的过程	0	0	0
229	5	被训练出来，具有自主学习能力的数学模型	2	2	2
230	5	通过算法给机器赋予学习的能力	2	2	2
231	5	通过程序的自我迭代，获取目标的特征向量	2	2	2
232	5	机器学习是指让机器（如计算机）进行学习	2	2	2
233	5	让机器有一定的学习能力	1	0	0
234	5	是一门多领域交叉学科，涉及概率论、统计学、逼近轮、算法复杂度理论等多门学科，专门研究计算机怎样模拟或实现人类的学习行为	2	2	2
235	5	研究计算机怎样模拟或实现人类的学习行为，以获取新的知识或技能中心组织已有的知识结构使之不断改善自身的性能	2	2	2
236	5	是机器学习处理复杂问题的过程	1	1	1
237	5	神经网络，模拟人的行为	1	1	1
238	5	训练机器的过程	1	1	1
239	5	机器学习	0	0	0
240	5	通过输入数据对算法中的函数参数的优化过程	1	1	1
241	5	可能是在人们的操作下控制下，通过某种算法让机器更智能	0	0	0
242	5	使机器可以自我改善、调节	2	1	1
243	5	引导机器训练、使其具有自主学习能力	2	2	2
244	5	机器认识问题的过程	1	0	0
245	5	就是大数据添加	0	0	0
246	5	机器模仿人类学习的行为，从而可以自发去学习某些东西	1	1	1
247	5	用数据训练模型	2	2	1
248	5	*	0	0	0
249	5	大量的数学计算，用户只要会用就行，这是行内人需要掌握和研究的	0	0	0
250	5	电脑自我学习的程序	2	2	2
251	5	计算机通过处理大量信息完成的自我提高	2	2	2
252	5	机器模拟人类学习	2	1	1
253	5	*	0	0	0
254	5	机器模拟人 认知世界	1	0	0
255	5	机器自己通过数据收集整理总结一般规律。	1	1	1
256	5	通过算法模拟人类的思维	1	0	0
257	5	就是对程序进行优化使计算机有一定的学习能力	2	2	2
258	5	机器模拟人类学习方式进行学习的方式	1	1	1
259	5	即机器从人类这儿获取知识以便完成任务。	0	0	0
260	5	通过从数据里提取规则或模式来把数据转换成信息。	1	1	1
261	5	机器可以自主学习	2	2	2
262	5	机器对某现象做出判断并改变之后的行动。	1	1	1
263	5	计算机学习人的动作思维达到智能的目的。	1	1	1
264	5	机器学习了解掌握新事物的行为	0	0	0
265	5	机器在已有经验基础上创造新的经验认识	2	2	2
266	5	研究计算机怎么模拟或实现人类活动的一种领域	1	1	1
267	5	给机器输入程序的过程	0	0	0
268	5	使计算机执行某些功能的语言	0	0	0
269	5	机器在运转过程中自主完善改进的过程。	2	2	2
270	5	机器掌握原先不属于机器的内容	1	1	1
271	5	使计算机实现某种操作的语言	0	0	0
272	5	机器通过算法收集信息并改进自己的算法	2	2	2
273	5	用机器模拟人的学习的一门学科	1	1	1
274	5	是指计算机通过对数据的计算总结，反复练习和学习的过程。	2	2	2
275	5	是指计算机通过对数据的计算总结，反复练习和学习的过程。	2	2	2
276	5	通过大数据，模仿人类	1	1	1
277	5	用计算机研究算法的过程。	1	1	1
278	5	让计算机具有人类的学习行为。	0	0	0
279	5	机器自主学习	2	2	2
280	5	通过分析数据等信息技术，机器的启发式行为	1	1	1
281	5	研究计算机如何模拟人类语言与行为的一门专业。	0	0	0
282	5	由机器进行的自主学习	2	2	2
283	5	通过模拟,重复来积累一些数据	0	1	1
284	5	计算机模拟人类的学习思维获取新技能	1	0	0
285	5	让机器学习人的思想，能力	0	0	0
286	5	器学习就是学习如何用计算机模拟人类行为的过程。	1	1	1
287	5	机器学习模仿人类的技能	1	1	1
288	5	数据分析存储对照程序	0	0	0
289	5	机器进行启发式方案的思考来实现创新	0	0	0
290	5	只含0和1的二进制语言就是机器语言。	0	0	0
291	5	机器通过人工代码进行的操作	0	0	0
292	5	机器通过人工代码进行的操作	0	0	0
293	5	机器地重复学习	0	0	0
294	5	编程让机器不断做一件事，并从中不断改进。	0	1	1
295	5	让机器实现人的学习行为，自主提升机器性能	2	2	2
296	5	机器通过不断改造而拥有特定的功能。	2	2	2
297	5	机器学习长期后形成习惯	1	1	1
298	5	机器通过一些程序进行运作的过程	1	1	1
299	5	机器通过逻辑程序遇到情况并积累解决方法。	0	0	0
300	5	机器通过逻辑程序反复运算从而认知世界	0	0	0
301	5	人通过给机器一些程序等方式的指令来让机器有目的的运转。	1	1	1
302	5	机器通过逻辑程序重复认知世界。	0	0	0
303	5	机器通过学习人类的行为来获得技能	1	0	0
304	5	机器通过程序等实现解决问题的能力	1	1	1
305	5	机器学习人类的行为为人类造福	1	0	0
306	5	研究计算机如何实现人类学习的行为的功能。	1	1	1
307	5	机器拥有了自我改善工作效果的能力	2	2	2
308	5	机器进行升级，改造的方式。	2	2	1
309	5	模拟机器怎样学习人类的一些功能	1	0	0
310	5	指并不理解所学材料的含义，而仅对其死记硬背。	0	0	0
311	5	机器通过学习人类的行为来获得技能	2	2	2
312	5	计算机模拟人类学习行为以获得新技能	2	2	2
313	5	机器不断的运行程序来收集数据。	1	1	1
314	5	一门多领域的交叉学科	1	1	1
315	5	计算机对人类智能的学习和模拟	2	2	2
316	5	机器经过对数据的对比，处理类似的问题	1	1	1
317	5	程序根据实际不断进行自我完善的过程。	2	2	2
318	5	计算机通过算法分析进行学习	1	1	1
319	5	通过一定的算法，让机器自动的读取一些数据内容，使得全部储存在机器内存中。	1	1	1
320	5	机器在使用过程中不断的适应各种方式，环境等。	1	0	0
321	5	机器通过经验自动改进计算机算法。	1	1	1
322	5	机器对事务进行学习。	1	0	0
323	5	是实现人工智能应用的有效途径。	1	1	1
324	5	机器在人为的控制下自己学习。	1	0	0
325	5	通过一定流程和指令，机械化运行的学习	0	0	0
326	5	机器像人类一样自主学习	2	1	1
327	5	是使计算机本身有获得和完善知识的能力	2	2	2
328	5	通过程序实现的使机器更加灵活的学习	1	1	1
329	5	机器通过一定的算法来理解自然语言	1	0	0
330	5	机器如何模拟人类学习的过程。	1	1	1
331	5	机器像人一样进行自己训练，学习新的技巧	2	2	2
332	5	机器通过对某种事物的接触改变内部程序	0	0	0
333	5	机器对数据通用规则的掌握过程	0	0	0
334	5	机器把自然语言翻译成机器语言后将数据保存。	0	0	0
335	5	机器学习就是学习机械的有关知识，了解机械构造，操作等。	0	0	0
336	5	计算机模仿人类的学习的方式的学科	1	1	1
337	5	机器在实现功能中不断自我完善的过程	2	2	2
338	5	机器通过积累经验知识能够解决问题。	1	1	1
339	5	机器学习是一门人工智能的科学	1	1	1
340	5	让机器学习人的能力	1	1	1
341	5	机器通过训练得到某项能力	2	2	2
342	5	通过机器模拟人类学习行为的技术	2	2	2
343	5	机器向人学习	0	0	0
344	5	机器通过不断执行代码而具有某种技能的过程	1	1	1
345	5	用机器进行模拟人类学习行为	1	0	0
346	5	人类将一些程序输入到机器中使得机器像人类一样进行学习	2	2	2
347	5	研究计算机如何模拟或实现人类的学习行为。	0	1	1
348	5	通过一些程序达到与人类学习相同的功能	1	1	1
349	5	机器通过对外物的感知从而自主学习。	1	1	1
350	5	利用计算机技术模拟人类的各种行为。	1	1	1
351	5	通过多学科交会使计算机自主学习	1	1	1
352	5	计算机通过神经网络运算而调整参数的过程	1	1	1
353	5	机器如何模拟人类学习的过程。	0	1	1
354	5	计算机获取新知识或技能的行为。	1	1	1
355	5	机器将某些动作语言等记忆下来的过程	0	0	0
356	5	专门研究计算机怎样模拟或实现人类的学习行为的学科。	1	1	1
357	5	是实现人工智能应用的有效途径。	0	0	0
358	5	是一门多领域交叉学科，涉及概率论、统计学、逼近论、凸分析、算法复杂度理论等多门学科。	1	1	1
359	5	是一门多领域交叉学科，涉及概率论等多门学科	1	1	1
360	5	机器进行升级，改造的方式。	2	1	1